[(6.73, 2.65), (6.73, 2.65), (6.140000000000001, 1.83), (5.32, 1.25), (5.2700000000000005, 1.24)]
[(3.37, 5.96), (3.37, 5.96), (3.61, 4.98), (4.09, 4.09), (3.94, 3.1), (3.45, 2.34)]
[(4.65, 3.7800000000000002), (4.65, 3.7800000000000002), (5.32, 3.02), (6.21, 2.56), (6.6000000000000005, 2.38)]
[(3.5500000000000003, 5.5600000000000005), (3.5500000000000003, 5.5600000000000005), (3.81, 4.59), (4.45, 3.81), (5.18, 3.12), (6.07, 2.66), (6.7700000000000005, 2.36)]
[(3.1, 6.09), (3.1, 6.09), (3.5, 5.17), (3.9, 4.24), (4.22, 3.29), (4.13, 2.37)]
[(1.04, 4.59), (1.04, 4.59), (1.26, 3.61), (2.0300000000000002, 2.97), (2.99, 2.68), (3.99, 2.5500000000000003), (4.18, 2.5300000000000002)]
[(3.09, 6.63), (3.09, 6.63), (3.34, 5.65), (3.69, 4.71), (4.23, 3.86), (4.3, 2.86), (4.36, 1.86), (4.38, 1.44)]
[(3.67, 4.18), (3.67, 4.18), (4.0, 3.23), (3.31, 2.5), (3.15, 2.37)]
[(6.1000000000000005, 2.05), (6.1000000000000005, 2.05), (5.38, 1.35), (4.79, 1.43)]
[(6.99, 2.0), (6.99, 2.0), (6.13, 2.52), (5.28, 3.0500000000000003), (4.51, 3.69), (3.81, 4.42), (3.24, 5.01)]
[(1.01, 0.9400000000000001), (1.01, 0.9400000000000001), (1.84, 1.51), (2.67, 2.09), (3.5, 2.66), (4.15, 3.43), (4.33, 4.05)]
[(3.8200000000000003, 1.36), (3.8200000000000003, 1.36), (4.68, 1.8800000000000001), (5.63, 2.22), (6.01, 2.13)]
[(4.54, 3.16), (4.54, 3.16), (3.62, 2.75), (2.62, 2.7600000000000002), (1.83, 3.31)]
[(3.37, 4.39), (3.37, 4.39), (4.23, 3.87), (3.81, 2.96), (3.0100000000000002, 2.35), (2.16, 1.8), (1.93, 1.6500000000000001)]
[(1.03, 5.34), (1.03, 5.34), (1.11, 4.34), (1.5, 3.41), (2.2800000000000002, 2.7800000000000002), (3.27, 2.61), (4.26, 2.45), (5.25, 2.29), (5.99, 1.79)]
[(1.11, 2.87), (1.11, 2.87), (2.11, 2.7800000000000002), (3.11, 2.74), (4.0, 3.22), (4.01, 4.22), (3.54, 5.11), (3.19, 6.05), (3.0500000000000003, 6.57)]
[(5.89, 1.75), (5.89, 1.75), (5.0200000000000005, 2.2600000000000002), (4.0200000000000005, 2.33), (3.02, 2.4), (2.02, 2.46), (1.02, 2.5300000000000002), (0.68, 2.5500000000000003)]
[(3.0500000000000003, 5.47), (3.0500000000000003, 5.47), (3.65, 4.66), (4.24, 3.84), (4.23, 2.84), (4.22, 1.84), (4.2, 0.84), (4.2, 0.73)]
[(3.06, 6.61), (3.06, 6.61), (3.35, 5.64), (3.72, 4.7), (4.13, 4.3500000000000005)]
[(4.14, 4.05), (4.14, 4.05), (3.89, 3.0700000000000003), (2.95, 2.71), (1.95, 2.67), (1.19, 2.64)]
[(2.64, 1.36), (2.64, 1.36), (3.64, 1.35), (4.65, 1.35), (5.65, 1.36), (6.54, 1.82), (6.98, 1.87)]
[(3.45, 5.91), (3.45, 5.91), (3.62, 4.92), (4.12, 4.04), (4.0200000000000005, 3.04), (3.65, 2.11), (3.49, 1.72)]
[(3.48, 1.92), (3.48, 1.92), (2.66, 2.5), (1.86, 3.11), (1.17, 3.85), (1.1, 4.8500000000000005), (1.08, 5.46)]
[(4.03, 1.58), (4.03, 1.58), (5.0200000000000005, 1.3900000000000001), (5.94, 1.79), (5.94, 1.79)]
[(1.82, 3.44), (1.82, 3.44), (2.5300000000000002, 2.73), (3.5300000000000002, 2.59), (4.53, 2.45), (5.41, 2.32)]
[(0.9400000000000001, 4.05), (0.9400000000000001, 4.05), (1.62, 3.31), (2.46, 2.7600000000000002), (3.46, 2.73), (4.16, 3.45), (4.58, 4.16)]
[(3.54, 5.3500000000000005), (3.54, 5.3500000000000005), (3.89, 4.4), (4.17, 3.44), (3.71, 2.54), (3.48, 2.09)]
[(1.2, 4.66), (1.2, 4.66), (1.22, 3.66), (1.6300000000000001, 2.74), (1.83, 2.29)]
[(0.86, 1.26), (0.86, 1.26), (1.86, 1.28), (2.86, 1.3), (3.86, 1.31), (4.86, 1.33), (5.86, 1.44), (6.0600000000000005, 1.79)]
[(6.99, 2.74), (6.99, 2.74), (5.99, 2.85), (5.05, 3.22), (4.3100000000000005, 3.88)]
[(1.58, 2.7), (1.58, 2.7), (2.58, 2.71), (3.58, 2.73), (4.28, 3.45), (4.69, 3.91)]
[(1.26, 3.22), (1.26, 3.22), (2.18, 2.82), (3.18, 2.74), (4.18, 2.7600000000000002), (5.18, 2.82), (6.18, 2.87), (7.17, 3.02), (7.33, 3.06)]
[(4.33, 1.44), (4.33, 1.44), (4.3, 2.44), (4.26, 3.44), (3.88, 4.08)]
[(3.56, 4.51), (3.56, 4.51), (4.25, 3.7800000000000002), (3.7600000000000002, 2.9), (2.98, 2.34)]
[(4.05, 4.29), (4.05, 4.29), (4.69, 3.5100000000000002), (5.5, 2.9), (6.46, 2.68)]
[(4.03, 3.38), (4.03, 3.38), (3.36, 2.63), (2.45, 2.21), (1.54, 1.79), (1.47, 1.76)]
[(5.72, 1.27), (5.72, 1.27), (4.89, 1.83), (4.49, 2.75), (4.3500000000000005, 3.0700000000000003)]
[(2.15, 0.98), (2.15, 0.98), (2.8000000000000003, 1.75), (3.45, 2.5100000000000002), (4.0600000000000005, 3.31), (3.93, 4.3100000000000005), (3.6, 4.79)]
[(3.89, 4.41), (3.89, 4.41), (4.16, 3.44), (3.63, 2.58), (3.27, 1.99)]
[(0.93, 3.71), (0.93, 3.71), (1.76, 3.13), (2.69, 2.75), (3.69, 2.8000000000000003), (4.25, 3.63), (3.49, 4.0600000000000005)]
[(6.98, 2.97), (6.98, 2.97), (5.98, 2.87), (4.98, 2.81), (3.98, 2.7600000000000002), (2.98, 2.75), (2.0, 2.99), (1.31, 3.54)]
[(7.03, 2.65), (7.03, 2.65), (6.0600000000000005, 2.4), (5.09, 2.13), (4.24, 1.59), (3.7600000000000002, 1.28)]
[(0.92, 3.62), (0.92, 3.62), (1.78, 3.09), (2.73, 2.75), (3.73, 2.73), (4.73, 2.71), (5.73, 2.7), (6.73, 2.68), (6.84, 2.68)]
[(3.58, 5.54), (3.58, 5.54), (3.9, 4.59), (4.62, 4.25)]
[(3.0100000000000002, 0.53), (3.0100000000000002, 0.53), (3.71, 1.26), (4.24, 1.3900000000000001)]
[(3.75, 4.45), (3.75, 4.45), (4.24, 3.5700000000000003), (3.65, 2.7600000000000002), (2.65, 2.67), (1.6500000000000001, 2.6), (0.91, 2.5500000000000003)]
[(1.19, 4.73), (1.19, 4.73), (1.19, 3.73), (1.94, 3.0500000000000003), (2.89, 2.73), (3.89, 2.67), (4.89, 2.61), (5.89, 2.5500000000000003), (6.390000000000001, 2.52)]
[(1.1300000000000001, 4.5600000000000005), (1.1300000000000001, 4.5600000000000005), (1.29, 3.5700000000000003), (1.8800000000000001, 2.7600000000000002), (2.47, 1.95), (3.06, 1.1400000000000001), (3.14, 1.03)]
[(2.13, 1.72), (2.13, 1.72), (2.96, 2.29), (3.7600000000000002, 2.89), (4.25, 3.77), (3.95, 4.0600000000000005)]
[(0.97, 3.97), (0.97, 3.97), (1.68, 3.2600000000000002), (2.5500000000000003, 2.75), (3.5500000000000003, 2.73), (4.26, 3.44), (4.93, 4.19), (5.13, 4.41)]
[(7.3500000000000005, 2.17), (7.3500000000000005, 2.17), (6.3500000000000005, 2.29), (5.3500000000000005, 2.41), (4.3500000000000005, 2.52), (3.35, 2.64), (2.35, 2.7600000000000002), (1.55, 3.37), (1.12, 4.28), (1.1, 5.28), (1.09, 5.75)]
[(4.65, 1.35), (4.65, 1.35), (5.2, 2.19), (6.09, 2.67), (6.45, 2.86)]
[(3.09, 6.53), (3.09, 6.53), (3.37, 5.5600000000000005), (3.72, 4.62), (4.25, 3.77), (3.95, 2.81), (3.6, 1.87), (3.35, 1.21)]
[(4.65, 2.92), (4.65, 2.92), (4.72, 3.92), (5.11, 4.3100000000000005)]
[(6.05, 2.39), (6.05, 2.39), (5.05, 2.49), (4.05, 2.59), (3.0500000000000003, 2.69), (2.07, 2.94), (1.3, 3.58), (0.97, 3.86)]
[(1.02, 5.24), (1.02, 5.24), (1.11, 4.24), (1.58, 3.35), (2.39, 2.75), (3.38, 2.58), (3.5100000000000002, 2.56)]
[(5.2700000000000005, 4.05), (5.2700000000000005, 4.05), (4.39, 3.56), (3.71, 2.82), (2.71, 2.7600000000000002), (1.78, 3.14), (1.56, 3.3000000000000003)]
[(2.45, 1.33), (2.45, 1.33), (3.1, 2.1), (3.74, 2.87), (4.2700000000000005, 3.72), (4.38, 4.26)]
[(1.72, 1.83), (1.72, 1.83), (2.63, 2.27), (3.54, 2.71), (4.18, 3.48), (3.37, 4.08), (3.34, 4.08)]
[(6.29, 2.32), (6.29, 2.32), (5.84, 1.42), (5.17, 1.23)]
[(0.9500000000000001, 5.24), (0.9500000000000001, 5.24), (1.11, 4.25), (1.57, 3.35), (2.38, 2.7600000000000002), (3.38, 2.66), (3.65, 2.64)]
[(0.71, 2.66), (0.71, 2.66), (1.71, 2.68), (2.71, 2.71), (3.71, 2.82), (4.29, 3.64), (4.7, 4.29)]
[(3.2, 4.37), (3.2, 4.37), (4.13, 3.98), (3.84, 3.0100000000000002), (2.87, 2.75), (1.8800000000000001, 2.94), (1.04, 3.29)]
[(7.11, 2.0), (7.11, 2.0), (6.12, 2.15), (5.12, 2.17), (4.14, 1.94), (3.5500000000000003, 1.81)]
[(3.79, 2.43), (3.79, 2.43), (4.16, 3.37), (4.08, 4.09)]
[(2.15, 2.68), (2.15, 2.68), (3.15, 2.71), (4.01, 3.24), (4.0, 4.24), (3.47, 5.09), (3.0300000000000002, 5.8)]
[(6.29, 1.8900000000000001), (6.29, 1.8900000000000001), (5.34, 2.21), (4.34, 2.17), (3.34, 2.13), (2.95, 2.11)]
[(1.25, 2.19), (1.25, 2.19), (2.23, 2.42), (3.21, 2.64), (4.03, 3.23), (4.2, 3.45)]
[(3.37, 1.45), (3.37, 1.45), (3.75, 2.38), (4.13, 3.31), (3.81, 4.26), (3.22, 4.7700000000000005)]
[(6.890000000000001, 2.23), (6.890000000000001, 2.23), (5.89, 2.22), (4.89, 2.1), (3.92, 1.83), (2.95, 1.57), (1.98, 1.3), (1.01, 1.03), (0.9400000000000001, 1.01)]
[(3.27, 5.62), (3.27, 5.62), (3.7, 4.71), (4.23, 3.86), (3.8000000000000003, 2.95), (2.98, 2.36), (2.11, 1.85), (1.51, 1.49)]
[(7.44, 2.0300000000000002), (7.44, 2.0300000000000002), (6.5200000000000005, 2.44), (5.6000000000000005, 2.86), (4.7700000000000005, 3.43), (4.67, 4.43), (4.67, 4.51)]
[(6.48, 2.24), (6.48, 2.24), (5.48, 2.37), (4.48, 2.49), (3.48, 2.62), (2.48, 2.74), (1.53, 3.0700000000000003), (1.1, 3.23)]
[(4.09, 4.34), (4.09, 4.34), (3.58, 5.21), (3.49, 5.83)]
[(6.37, 2.4), (6.37, 2.4), (5.39, 2.2), (4.46, 1.83), (3.5500000000000003, 1.3900000000000001), (2.64, 0.9500000000000001), (2.38, 0.8300000000000001)]
[(4.47, 4.46), (4.47, 4.46), (4.19, 3.49), (3.54, 2.73), (2.54, 2.7600000000000002), (1.67, 3.27), (1.1300000000000001, 4.12), (1.18, 5.0600000000000005)]
[(4.58, 4.51), (4.58, 4.51), (4.23, 3.56), (3.63, 2.75), (2.71, 2.34), (1.79, 1.93), (0.87, 1.52), (0.6900000000000001, 1.44)]
[(4.45, 3.74), (4.45, 3.74), (3.8200000000000003, 2.96), (2.87, 2.62), (1.87, 2.47), (1.57, 2.43)]
[(4.5, 2.71), (4.5, 2.71), (3.5, 2.73), (2.5, 2.7600000000000002), (1.8, 3.45)]
[(0.25, 0.89), (0.25, 0.89), (1.1300000000000001, 1.3800000000000001), (2.0100000000000002, 1.86), (2.89, 2.35), (3.7600000000000002, 2.87), (4.44, 3.61), (4.98, 4.14)]
[(3.79, 4.57), (3.79, 4.57), (4.25, 3.68), (3.88, 2.74), (3.72, 2.35)]
[(1.24, 4.82), (1.24, 4.82), (1.18, 3.8200000000000003), (1.8800000000000001, 3.1), (2.82, 2.74), (3.8200000000000003, 2.69), (4.82, 2.63), (5.82, 2.58), (6.82, 2.5300000000000002), (7.08, 2.52)]
[(4.88, 2.71), (4.88, 2.71), (3.88, 2.72), (2.88, 2.74), (1.8900000000000001, 2.93), (1.0, 3.2600000000000002)]
[(7.17, 2.0100000000000002), (7.17, 2.0100000000000002), (6.28, 2.48), (5.4, 2.96), (4.64, 3.62), (4.32, 4.4)]
[(5.09, 4.44), (5.09, 4.44), (4.44, 3.68), (3.79, 2.92), (2.87, 2.52), (1.9100000000000001, 2.23), (1.43, 2.08)]
[(1.05, 1.9100000000000001), (1.05, 1.9100000000000001), (2.0100000000000002, 2.22), (2.97, 2.54), (3.85, 3.02), (4.12, 3.99), (3.86, 4.18)]
[(4.04, 4.61), (4.04, 4.61), (4.25, 3.63), (3.69, 2.8000000000000003), (3.0, 2.06), (2.31, 1.33), (2.18, 1.19)]
[(1.6, 0.93), (1.6, 0.93), (2.59, 1.08), (3.58, 1.23), (4.37, 0.92)]
[(1.1, 2.07), (1.1, 2.07), (2.07, 2.33), (3.04, 2.59), (3.91, 3.1), (4.1, 4.09), (3.6, 4.97), (3.35, 5.79)]
[(3.27, 4.0600000000000005), (3.27, 4.0600000000000005), (4.25, 3.81), (3.7800000000000002, 2.92), (2.93, 2.39), (2.04, 1.93), (1.1500000000000001, 1.47), (0.46, 1.11)]
[(6.86, 1.8900000000000001), (6.86, 1.8900000000000001), (5.89, 2.16), (4.89, 2.11), (3.92, 1.86), (2.94, 1.62), (1.97, 1.37), (1.52, 1.26)]
[(1.67, 2.29), (1.67, 2.29), (2.65, 2.52), (3.63, 2.75), (4.23, 3.5500000000000003), (3.5100000000000002, 4.25), (3.5100000000000002, 4.25)]
[(3.23, 4.3100000000000005), (3.23, 4.3100000000000005), (4.17, 3.95), (3.84, 3.0), (2.87, 2.75), (1.9100000000000001, 3.0700000000000003), (1.19, 3.77), (1.12, 4.7700000000000005), (1.11, 5.44)]
[(4.69, 3.5), (4.69, 3.5), (3.87, 2.92), (2.88, 2.74), (1.8800000000000001, 2.85), (0.9, 3.06), (0.81, 3.08)]
[(7.47, 2.35), (7.47, 2.35), (6.5, 2.62), (5.53, 2.89), (4.71, 3.48), (4.08, 4.26), (3.48, 5.0600000000000005), (3.36, 5.24)]
[(5.12, 4.21), (5.12, 4.21), (4.16, 4.5200000000000005), (3.56, 5.33), (3.48, 5.91)]
[(0.76, 1.3), (0.76, 1.3), (1.6600000000000001, 1.76), (2.56, 2.21), (3.46, 2.67), (4.14, 3.42), (3.8000000000000003, 4.37), (3.8000000000000003, 4.37)]
[(4.48, 3.09), (4.48, 3.09), (3.54, 2.73), (2.54, 2.7600000000000002), (1.67, 3.27), (1.02, 4.04), (0.9500000000000001, 4.18)]
[(0.93, 4.47), (0.93, 4.47), (1.33, 3.5500000000000003), (2.1, 2.91), (2.97, 2.41), (3.3200000000000003, 2.22)]
[(4.36, 4.59), (4.36, 4.59), (4.65, 3.63), (5.4, 2.96), (6.37, 2.68), (7.0, 2.52)]
