[(5.8, 3.0300000000000002), (5.8, 3.0300000000000002), (5.84, 4.03), (5.88, 5.03), (5.92, 6.03), (5.96, 7.03), (6.0, 8.03), (6.32, 8.98), (6.83, 9.85), (7.23, 10.77), (7.5200000000000005, 11.73), (7.73, 12.4)]
[(3.43, 0.93), (3.43, 0.93), (3.6, 1.92), (4.0, 2.84), (4.83, 3.42), (5.66, 4.0), (6.47, 4.59), (7.38, 5.01), (8.290000000000001, 5.43), (9.06, 6.08), (9.11, 6.140000000000001)]
[(3.25, 2.12), (3.25, 2.12), (3.97, 2.82), (4.79, 3.4), (4.82, 4.4), (4.79, 5.4), (4.7700000000000005, 6.4), (4.75, 7.4), (4.73, 8.4), (4.73, 9.41), (4.94, 10.39), (5.16, 11.370000000000001), (5.37, 12.35), (5.45, 12.700000000000001)]
[(8.950000000000001, 2.33), (8.950000000000001, 2.33), (7.95, 2.48), (6.95, 2.62), (5.96, 2.77), (4.96, 2.91), (3.96, 2.8000000000000003), (3.36, 1.99), (2.83, 1.1400000000000001), (2.66, 0.87)]
[(2.57, 3.11), (2.57, 3.11), (3.5700000000000003, 3.16), (4.57, 3.2800000000000002), (4.82, 4.25), (4.8100000000000005, 4.94)]
[(9.49, 0.68), (9.49, 0.68), (8.75, 1.36), (8.01, 2.04), (7.2700000000000005, 2.72), (6.54, 3.42), (6.08, 4.3100000000000005), (5.8, 5.28), (5.5200000000000005, 6.25), (5.25, 7.22), (4.97, 8.19), (4.71, 9.16), (5.13, 10.08), (5.64, 10.78)]
[(4.61, 5.33), (4.61, 5.33), (5.61, 5.22), (6.61, 5.12), (7.61, 5.17), (8.58, 5.42), (9.03, 5.54)]
[(6.16, 4.51), (6.16, 4.51), (6.43, 3.54), (7.17, 2.86), (7.97, 2.25), (8.290000000000001, 2.0100000000000002)]
[(4.2700000000000005, 3.06), (4.2700000000000005, 3.06), (4.82, 3.9), (4.78, 4.9), (4.73, 5.9), (4.68, 6.9), (4.62, 7.9), (4.57, 8.9), (4.5200000000000005, 9.9), (4.49, 10.52)]
[(4.76, 9.71), (4.76, 9.71), (4.86, 8.71), (5.19, 7.76), (5.5200000000000005, 6.8100000000000005), (5.8500000000000005, 5.86), (6.43, 5.04), (7.41, 4.8100000000000005), (8.41, 4.74), (9.09, 3.99), (9.64, 3.25)]
[(5.34, 7.83), (5.34, 7.83), (5.61, 6.86), (5.88, 5.89), (6.5200000000000005, 5.12), (7.5200000000000005, 5.17), (8.47, 5.5200000000000005), (8.88, 6.44), (8.56, 7.390000000000001), (8.42, 7.63)]
[(5.22, 5.65), (5.22, 5.65), (5.5, 6.62), (5.78, 7.59), (6.09, 8.55), (6.61, 9.42), (7.13, 10.290000000000001), (7.3100000000000005, 10.6)]
[(4.24, 6.8500000000000005), (4.24, 6.8500000000000005), (4.79, 6.01), (5.34, 5.16), (5.89, 4.32), (6.47, 3.49), (7.21, 2.8000000000000003), (7.98, 2.15), (8.74, 1.5), (9.23, 1.09)]
[(6.97, 2.95), (6.97, 2.95), (6.3, 3.7), (5.91, 4.63), (5.5600000000000005, 5.57), (5.21, 6.51), (4.86, 7.45), (4.5, 8.39), (4.21, 9.35), (3.92, 10.31), (3.63, 11.28), (3.56, 11.52)]
[(5.19, 7.930000000000001), (5.19, 7.930000000000001), (4.8100000000000005, 8.86), (4.76, 9.86), (4.86, 10.86), (4.96, 11.86), (5.01, 12.42)]
[(8.66, 4.71), (8.66, 4.71), (7.67, 4.89), (6.68, 5.0600000000000005), (5.89, 5.68), (5.51, 6.61), (5.13, 7.54), (4.74, 8.47), (4.41, 9.28)]
[(9.25, 1.82), (9.25, 1.82), (8.370000000000001, 2.3000000000000003), (7.49, 2.79), (6.63, 3.3200000000000003), (6.16, 4.21), (6.0600000000000005, 5.21), (5.95, 6.21), (5.86, 7.21), (5.84, 7.45)]
[(3.67, 1.1500000000000001), (3.67, 1.1500000000000001), (3.64, 2.15), (4.2, 2.98), (4.89, 3.71), (5.18, 4.67), (5.47, 5.63), (5.76, 6.59), (6.01, 7.5600000000000005), (6.11, 8.56), (6.86, 9.24), (7.1000000000000005, 9.41)]
[(3.75, 3.23), (3.75, 3.23), (4.75, 3.36), (4.82, 4.36), (4.8, 5.36), (4.7700000000000005, 6.36), (4.75, 7.36), (4.73, 8.36), (4.72, 9.36), (4.99, 10.33), (5.2700000000000005, 11.290000000000001), (5.54, 12.26), (5.64, 12.61)]
[(8.9, 5.87), (8.9, 5.87), (8.03, 5.3500000000000005), (7.05, 5.11), (6.0600000000000005, 5.2700000000000005), (6.03, 6.2700000000000005), (6.01, 7.2700000000000005), (6.01, 8.28), (6.63, 9.07), (7.44, 9.66), (8.42, 9.870000000000001), (8.72, 9.96)]
[(5.42, 8.5), (5.42, 8.5), (6.29, 9.01), (7.16, 9.52), (8.13, 9.77), (8.5, 9.700000000000001)]
[(9.3, 2.0100000000000002), (9.3, 2.0100000000000002), (9.13, 3.0), (8.96, 3.99), (8.42, 4.84), (7.97, 5.08)]
[(3.35, 12.65), (3.35, 12.65), (3.66, 11.69), (3.97, 10.73), (4.29, 9.77), (4.6000000000000005, 8.81), (4.91, 7.8500000000000005), (5.22, 6.890000000000001), (5.53, 5.93), (5.8500000000000005, 4.97), (6.16, 4.01), (6.75, 3.19), (7.46, 2.47), (8.16, 1.75), (8.38, 1.53)]
[(8.9, 5.08), (8.9, 5.08), (7.91, 4.89), (6.92, 4.71), (6.01, 4.28), (5.2, 3.69), (4.38, 3.1), (3.68, 2.38), (3.36, 1.43), (3.13, 0.76)]
[(9.18, 4.96), (9.18, 4.96), (8.18, 5.0200000000000005), (7.18, 5.08), (6.18, 5.17), (5.76, 6.08), (5.41, 7.0200000000000005), (5.0600000000000005, 7.97), (4.71, 8.92), (4.36, 9.870000000000001), (4.01, 10.82), (3.79, 11.42)]
[(9.38, 1.44), (9.38, 1.44), (8.47, 1.8800000000000001), (7.5600000000000005, 2.31), (6.59, 2.6), (5.6000000000000005, 2.7800000000000002), (4.61, 2.96), (3.63, 2.73), (2.95, 2.54)]
[(4.24, 7.63), (4.24, 7.63), (4.86, 6.83), (5.48, 6.03), (6.09, 5.23), (7.09, 5.11), (8.07, 5.32), (8.6, 5.48)]
[(4.18, 8.16), (4.18, 8.16), (4.33, 7.17), (4.47, 6.17), (4.62, 5.18), (4.7700000000000005, 4.19), (4.49, 3.22), (4.2700000000000005, 3.12)]
[(3.43, 1.08), (3.43, 1.08), (3.63, 2.07), (4.14, 2.94), (4.96, 3.52), (5.7700000000000005, 4.11), (6.6000000000000005, 4.67), (7.5200000000000005, 5.08), (8.44, 5.49), (8.870000000000001, 6.4), (8.86, 7.4), (8.85, 7.76)]
[(5.3500000000000005, 7.23), (5.3500000000000005, 7.23), (5.21, 6.23), (5.07, 5.23), (4.93, 4.23), (4.58, 3.2800000000000002), (3.58, 3.22), (2.85, 3.2600000000000002)]
[(5.2, 7.91), (5.2, 7.91), (4.82, 8.84), (4.73, 9.84), (4.7700000000000005, 10.84), (4.8, 11.67)]
[(9.24, 3.34), (9.24, 3.34), (8.93, 4.3), (8.06, 4.8100000000000005), (7.07, 4.99), (6.09, 5.23), (5.74, 6.17), (5.41, 7.12), (5.08, 8.07), (4.74, 9.02), (4.6000000000000005, 10.02), (4.48, 11.02), (4.41, 11.59)]
[(8.870000000000001, 4.62), (8.870000000000001, 4.62), (7.88, 4.8), (6.88, 4.7), (5.94, 4.3500000000000005), (5.14, 3.75), (4.3100000000000005, 3.19), (3.31, 3.23), (2.31, 3.27), (2.04, 3.2800000000000002)]
[(9.27, 5.69), (9.27, 5.69), (8.31, 5.4), (7.3500000000000005, 5.11), (6.3500000000000005, 5.13), (5.8100000000000005, 5.98), (5.48, 6.93), (5.14, 7.88), (4.8100000000000005, 8.83), (4.47, 9.78), (4.14, 10.73), (3.85, 11.59)]
[(3.95, 10.53), (3.95, 10.53), (4.08, 9.53), (4.21, 8.53), (4.34, 7.53), (4.47, 6.53), (4.6000000000000005, 5.53), (4.73, 4.53), (4.83, 3.5300000000000002), (4.64, 3.24)]
[(4.05, 11.67), (4.05, 11.67), (4.3, 10.700000000000001), (4.55, 9.73), (4.99, 8.82), (5.99, 8.9), (6.890000000000001, 9.35), (7.7700000000000005, 9.83), (8.21, 9.55)]
[(4.96, 8.8), (4.96, 8.8), (5.21, 7.82), (5.45, 6.84), (5.7, 5.87), (5.94, 4.89), (6.19, 3.92), (6.75, 3.09), (6.96, 2.81)]
[(3.25, 2.37), (3.25, 2.37), (4.09, 2.92), (4.8500000000000005, 3.5700000000000003), (5.14, 4.53), (5.43, 5.49), (5.72, 6.45), (6.01, 7.42), (6.0200000000000005, 8.42), (6.5200000000000005, 9.3), (7.0200000000000005, 10.17), (7.49, 11.06), (7.88, 11.43)]
[(3.0500000000000003, 2.52), (3.0500000000000003, 2.52), (3.95, 2.96), (4.83, 3.45), (5.46, 4.24), (5.82, 4.69)]
[(5.74, 6.7), (5.74, 6.7), (5.47, 5.73), (5.19, 4.76), (4.92, 3.79), (4.16, 3.13), (3.89, 3.0500000000000003)]
[(9.58, 3.0500000000000003), (9.58, 3.0500000000000003), (8.58, 3.08), (7.58, 3.12), (6.59, 3.29), (5.73, 3.81), (4.86, 4.33), (4.69, 4.43)]
[(8.61, 5.5600000000000005), (8.61, 5.5600000000000005), (7.66, 5.22), (6.66, 5.11), (5.86, 5.72), (5.44, 6.640000000000001), (5.03, 7.5600000000000005), (4.62, 8.48), (4.21, 9.4), (4.08, 9.69)]
[(6.8100000000000005, 9.97), (6.8100000000000005, 9.97), (6.3500000000000005, 9.07), (6.0, 8.13), (5.94, 7.13), (5.89, 6.13), (5.88, 5.89)]
[(8.27, 1.83), (8.27, 1.83), (7.5200000000000005, 2.5), (6.7700000000000005, 3.18), (6.18, 3.99), (6.08, 4.99), (6.03, 5.99), (6.01, 6.99), (6.01, 8.0), (6.32, 8.96), (6.82, 9.83), (7.19, 10.76), (7.4, 11.74), (7.42, 11.84)]
[(6.38, 2.62), (6.38, 2.62), (7.3500000000000005, 2.37), (7.8, 1.55)]
[(4.12, 6.66), (4.12, 6.66), (4.05, 7.66), (3.98, 8.66), (3.83, 9.65), (3.56, 10.620000000000001), (3.4, 11.17)]
[(8.34, 7.24), (8.34, 7.24), (8.88, 6.390000000000001), (8.43, 5.49), (7.5, 5.11), (6.95, 4.89)]
[(2.99, 1.34), (2.99, 1.34), (3.5100000000000002, 2.2), (4.17, 2.96), (4.99, 3.54), (5.8, 4.13), (6.63, 4.7), (7.55, 5.1000000000000005), (8.47, 5.51), (8.88, 6.43), (8.870000000000001, 7.43), (8.86, 7.68)]
[(7.24, 12.34), (7.24, 12.34), (7.18, 11.34), (7.1000000000000005, 10.34), (6.61, 9.46), (6.11, 8.59), (6.01, 7.59), (6.0200000000000005, 6.59), (6.04, 5.59), (6.12, 4.59), (6.37, 3.62), (7.140000000000001, 2.98), (8.02, 2.5), (8.9, 2.02), (8.92, 2.0100000000000002)]
[(6.71, 9.85), (6.71, 9.85), (6.07, 9.07), (5.1000000000000005, 8.790000000000001), (4.8100000000000005, 9.75), (5.03, 10.73), (5.25, 11.71), (5.37, 12.22)]
[(6.0600000000000005, 4.7), (6.0600000000000005, 4.7), (5.7700000000000005, 5.66), (5.47, 6.62), (5.18, 7.58), (4.88, 8.540000000000001), (4.7700000000000005, 9.540000000000001), (5.03, 10.51), (5.29, 11.47)]
[(4.08, 9.11), (4.08, 9.11), (5.04, 8.8), (6.0200000000000005, 9.0), (6.67, 9.77), (7.13, 10.66), (7.140000000000001, 11.66), (7.13, 12.1)]
[(8.43, 1.77), (8.43, 1.77), (7.67, 2.42), (6.9, 3.0700000000000003), (6.22, 3.81), (6.0, 4.79), (5.79, 5.7700000000000005), (5.58, 6.75), (5.48, 7.22)]
[(5.33, 10.11), (5.33, 10.11), (4.72, 9.31), (4.98, 8.34), (5.32, 7.390000000000001), (5.65, 6.44), (5.98, 5.49), (6.8100000000000005, 4.93), (7.8100000000000005, 4.8), (8.8, 4.6000000000000005), (9.200000000000001, 3.68), (9.78, 3.48)]
[(4.0, 10.5), (4.0, 10.5), (4.32, 9.55), (4.63, 8.59), (4.95, 7.640000000000001), (5.2700000000000005, 6.69), (5.59, 5.73), (5.9, 4.7700000000000005), (6.22, 3.8200000000000003), (6.93, 3.11), (7.88, 2.7800000000000002), (8.120000000000001, 2.7)]
[(9.86, 3.0700000000000003), (9.86, 3.0700000000000003), (9.15, 3.7800000000000002), (8.71, 4.68), (7.72, 4.87), (6.73, 5.05), (5.86, 5.57), (5.29, 6.4), (5.11, 6.67)]
[(8.82, 0.88), (8.82, 0.88), (8.15, 1.6300000000000001), (7.47, 2.38), (6.8, 3.13), (6.19, 3.93), (6.01, 4.71)]
[(4.8500000000000005, 11.83), (4.8500000000000005, 11.83), (4.8, 10.83), (4.74, 9.83), (4.94, 8.85), (5.94, 8.870000000000001), (6.8500000000000005, 9.290000000000001), (6.88, 9.3)]
[(4.53, 10.35), (4.53, 10.35), (4.67, 9.35), (4.92, 8.38), (5.19, 7.41), (5.47, 6.44), (5.75, 5.47), (6.0200000000000005, 4.5), (6.4, 3.5700000000000003), (7.28, 3.09), (8.28, 2.97), (8.89, 2.9)]
[(5.78, 8.790000000000001), (5.78, 8.790000000000001), (5.87, 7.79), (5.96, 6.79), (6.03, 5.79), (6.1000000000000005, 4.79), (6.23, 3.79), (6.93, 3.0700000000000003), (7.3500000000000005, 2.79)]
[(4.23, 6.86), (4.23, 6.86), (4.42, 5.87), (4.61, 4.88), (4.8, 3.89), (4.22, 3.06), (3.34, 2.58), (2.71, 2.23)]
[(8.75, 2.57), (8.75, 2.57), (7.79, 2.86), (6.83, 3.15), (6.08, 3.83), (5.3500000000000005, 4.53), (4.75, 5.11)]
[(8.92, 3.23), (8.92, 3.23), (8.88, 4.23), (8.06, 4.8100000000000005), (7.07, 4.99), (6.09, 5.23), (5.74, 6.17), (5.41, 7.12), (5.08, 8.07), (4.74, 9.02), (4.61, 10.02), (4.49, 11.02), (4.4, 11.84)]
[(8.6, 7.67), (8.6, 7.67), (8.88, 6.71), (8.76, 5.71), (7.8500000000000005, 5.29), (6.86, 5.11), (5.96, 5.55), (5.63, 6.5), (5.29, 7.45), (4.96, 8.4), (4.62, 9.35), (4.29, 10.3), (3.98, 11.26), (3.7, 12.22), (3.63, 12.48)]
[(3.5300000000000002, 10.35), (3.5300000000000002, 10.35), (4.21, 9.61), (4.91, 8.88), (5.91, 8.870000000000001), (6.5600000000000005, 9.64), (7.12, 10.47), (7.18, 11.47), (7.24, 12.47), (7.26, 12.83)]
[(5.0600000000000005, 8.31), (5.0600000000000005, 8.31), (5.3100000000000005, 7.34), (5.5600000000000005, 6.37), (5.8100000000000005, 5.4), (6.0600000000000005, 4.43), (6.46, 3.5), (7.17, 2.7800000000000002), (7.890000000000001, 2.07), (8.61, 1.36), (8.89, 1.08)]
[(8.76, 0.71), (8.76, 0.71), (8.11, 1.48), (7.46, 2.24), (6.57, 2.72), (5.63, 3.0700000000000003), (5.51, 3.11)]
[(4.21, 9.4), (4.21, 9.4), (4.62, 8.48), (5.03, 7.5600000000000005), (5.45, 6.640000000000001), (5.86, 5.72), (6.62, 5.0600000000000005), (7.32, 4.9)]
[(7.94, 2.19), (7.94, 2.19), (7.17, 2.84), (6.43, 3.5300000000000002), (6.01, 4.44), (5.69, 5.4), (5.38, 6.36), (5.0600000000000005, 7.3100000000000005), (4.75, 8.27), (4.43, 9.22), (4.11, 10.18), (3.8000000000000003, 11.14), (3.48, 12.09), (3.3200000000000003, 12.58)]
[(8.72, 7.43), (8.72, 7.43), (8.88, 6.44), (8.48, 5.5200000000000005), (7.53, 5.17), (6.53, 5.12), (6.03, 5.99), (6.01, 6.99), (6.01, 8.0), (6.44, 8.91), (6.87, 9.23)]
[(5.5600000000000005, 11.11), (5.5600000000000005, 11.11), (5.13, 10.200000000000001), (4.71, 9.290000000000001), (5.38, 8.540000000000001), (5.79, 8.24)]
[(9.1, 1.62), (9.1, 1.62), (8.27, 2.18), (7.43, 2.74), (6.62, 3.33), (6.01, 4.14), (5.49, 5.0), (4.96, 5.8500000000000005), (4.44, 6.71), (3.91, 7.5600000000000005), (3.39, 8.42), (3.27, 8.61)]
[(8.56, 2.74), (8.56, 2.74), (7.58, 2.97), (6.63, 3.3000000000000003), (5.87, 3.97), (5.11, 4.63), (4.3500000000000005, 5.3), (4.08, 5.54)]
[(7.43, 9.74), (7.43, 9.74), (6.5600000000000005, 9.24), (5.66, 8.8), (4.71, 9.120000000000001), (4.55, 10.11), (4.39, 11.1), (4.25, 11.96)]
[(5.11, 12.33), (5.11, 12.33), (4.98, 11.33), (4.8500000000000005, 10.33), (4.72, 9.33), (4.92, 8.35), (5.2, 7.38), (5.48, 6.41), (5.75, 5.44), (6.03, 4.47), (6.42, 3.54), (7.03, 2.74), (7.08, 2.67)]
[(2.91, 2.1), (2.91, 2.1), (3.74, 2.66), (4.7, 2.95), (5.68, 2.73), (6.67, 2.57), (7.63, 2.2800000000000002), (8.540000000000001, 1.85), (9.43, 1.43)]
[(6.66, 9.1), (6.66, 9.1), (5.7, 8.8), (4.73, 9.05), (4.66, 10.05), (4.66, 10.06)]
[(3.48, 2.12), (3.48, 2.12), (4.1, 2.91), (4.83, 3.6), (4.8100000000000005, 4.6000000000000005), (4.79, 5.6000000000000005), (4.7700000000000005, 6.6000000000000005), (4.75, 7.6000000000000005), (4.73, 8.6), (4.76, 9.6), (4.92, 10.59), (4.98, 10.93)]
[(6.8, 4.94), (6.8, 4.94), (6.04, 5.59), (6.0200000000000005, 6.59), (6.01, 7.59), (6.09, 8.59), (6.48, 9.52), (7.09, 10.32), (7.19, 11.32), (7.2700000000000005, 12.32), (7.34, 13.22)]
[(5.05, 11.620000000000001), (5.05, 11.620000000000001), (4.91, 10.620000000000001), (4.76, 9.63), (4.84, 8.63), (5.12, 7.67), (5.39, 6.7), (5.67, 5.73), (5.95, 4.76), (6.23, 3.79), (6.8500000000000005, 3.0), (7.48, 2.22), (8.13, 1.46), (8.68, 0.77)]
[(6.7, 9.18), (6.7, 9.18), (6.03, 8.43), (5.73, 7.47), (5.43, 6.51), (5.13, 5.55), (4.83, 4.59), (4.83, 3.58), (3.91, 3.17), (3.62, 3.16)]
[(7.25, 10.620000000000001), (7.25, 10.620000000000001), (6.78, 9.73), (6.2700000000000005, 8.86), (6.01, 7.890000000000001), (6.01, 6.88), (6.03, 5.88), (6.62, 5.07), (7.61, 4.89), (8.6, 4.71), (9.26, 4.59)]
[(5.1000000000000005, 10.61), (5.1000000000000005, 10.61), (4.8100000000000005, 9.64), (5.05, 8.66), (5.65, 7.930000000000001)]
[(9.61, 0.78), (9.61, 0.78), (8.84, 1.43), (8.07, 2.08), (7.3, 2.73), (6.55, 3.4), (5.96, 4.22), (5.43, 5.07), (4.89, 5.92), (4.36, 6.7700000000000005), (3.83, 7.61)]
[(5.74, 4.08), (5.74, 4.08), (6.59, 4.63), (7.58, 4.8100000000000005), (8.58, 4.71), (9.1, 4.34)]
[(2.65, 3.2600000000000002), (2.65, 3.2600000000000002), (3.65, 3.22), (4.65, 3.31), (4.76, 4.3100000000000005), (4.63, 5.3100000000000005), (4.5, 6.3100000000000005), (4.36, 7.3100000000000005), (4.23, 8.31), (4.1, 9.31), (3.97, 10.31), (3.84, 11.31), (3.75, 11.97)]
[(8.96, 7.9), (8.96, 7.9), (8.91, 6.9), (8.8, 5.9), (7.97, 5.33), (6.99, 5.11), (6.0200000000000005, 5.36), (5.62, 6.28), (5.22, 7.2), (4.8100000000000005, 8.120000000000001), (4.41, 9.040000000000001), (4.01, 9.96), (3.6, 10.88), (3.42, 11.3)]
[(3.3200000000000003, 3.0), (3.3200000000000003, 3.0), (4.3100000000000005, 3.19), (4.76, 4.09), (4.54, 5.07), (4.38, 5.78)]
[(8.52, 2.57), (8.52, 2.57), (7.57, 2.89), (6.65, 3.3000000000000003), (6.11, 4.15), (5.8100000000000005, 5.11), (5.5, 6.07), (5.2, 7.03), (4.9, 7.99), (4.87, 8.07)]
[(5.54, 12.76), (5.54, 12.76), (5.3100000000000005, 11.78), (5.07, 10.8), (4.84, 9.82), (4.7700000000000005, 8.82), (4.97, 7.84), (5.17, 6.86), (5.37, 5.88), (5.43, 5.6000000000000005)]
[(5.32, 11.84), (5.32, 11.84), (5.09, 10.86), (4.8500000000000005, 9.88), (4.7700000000000005, 8.88), (5.03, 7.91), (5.3, 6.94), (5.5600000000000005, 5.97), (5.58, 5.9)]
[(9.21, 1.03), (9.21, 1.03), (8.45, 1.7), (7.69, 2.37), (6.93, 3.04), (6.24, 3.77), (5.88, 4.71), (5.53, 5.65), (5.18, 6.59), (4.83, 7.53), (4.47, 8.47), (4.12, 9.41), (3.77, 10.35), (3.5100000000000002, 11.19)]
[(6.18, 9.15), (6.18, 9.15), (5.24, 8.790000000000001), (4.41, 9.370000000000001), (3.71, 10.09), (3.35, 10.46)]
[(9.19, 4.82), (9.19, 4.82), (8.19, 4.93), (7.19, 5.05), (6.19, 5.16), (5.7700000000000005, 6.08), (5.44, 7.03), (5.1000000000000005, 7.98), (4.7700000000000005, 8.93), (4.44, 9.88), (4.28, 10.32)]
[(4.33, 10.41), (4.33, 10.41), (4.61, 9.44), (4.89, 8.47), (5.17, 7.5), (5.44, 6.53), (5.72, 5.5600000000000005), (6.0, 4.59), (6.3500000000000005, 3.64), (7.07, 2.94), (7.88, 2.33), (8.370000000000001, 1.96)]
[(8.68, 2.45), (8.68, 2.45), (7.74, 2.81), (6.8, 3.16), (6.19, 3.96), (6.08, 4.96), (6.03, 5.96), (6.0200000000000005, 6.96), (6.01, 7.96), (6.4, 8.89), (7.07, 9.64), (7.3, 9.9)]
[(9.24, 1.27), (9.24, 1.27), (8.44, 1.8900000000000001), (7.640000000000001, 2.5100000000000002), (6.84, 3.13), (6.2, 3.9), (6.07, 4.9), (5.94, 5.9), (5.8100000000000005, 6.9), (5.68, 7.9), (5.66, 8.03)]
[(8.38, 2.19), (8.38, 2.19), (7.5200000000000005, 2.72), (6.67, 3.27), (6.11, 4.1), (5.75, 5.04), (5.38, 5.98), (5.0200000000000005, 6.92), (4.65, 7.86), (4.29, 8.8), (3.92, 9.74), (3.56, 10.68), (3.5100000000000002, 10.81)]
[(4.37, 4.6000000000000005), (4.37, 4.6000000000000005), (5.24, 4.09), (6.11, 3.5700000000000003), (7.01, 3.12), (8.01, 3.02), (9.01, 2.92), (9.4, 2.88)]
[(3.7, 8.51), (3.7, 8.51), (4.7, 8.65), (5.7, 8.790000000000001), (6.51, 9.4), (7.2700000000000005, 10.07), (7.29, 10.09)]
