[(1.22, 0.5), (1.22, 0.5), (2.18, 0.79), (3.15, 1.08), (4.09, 1.44), (4.94, 1.97), (5.79, 2.5), (6.3100000000000005, 2.83)]
[(2.59, 1.29), (2.59, 1.29), (1.59, 1.2), (1.11, 2.08), (0.92, 2.5100000000000002)]
[(0.71, 2.79), (0.71, 2.79), (1.19, 1.9100000000000001), (1.82, 1.1300000000000001), (2.7800000000000002, 0.81), (3.74, 0.5), (3.81, 0.48)]
[(4.94, 0.66), (4.94, 0.66), (3.95, 0.8200000000000001), (2.96, 0.98), (1.97, 1.1400000000000001), (1.5, 2.0300000000000002), (1.52, 2.12)]
[(4.3, 1.34), (4.3, 1.34), (3.3000000000000003, 1.25), (2.3000000000000003, 1.21), (1.33, 1.46), (0.79, 2.31), (0.25, 2.74)]
[(0.66, 2.32), (0.66, 2.32), (1.32, 1.56), (2.2600000000000002, 1.21), (3.2600000000000002, 1.24), (4.24, 1.44), (4.71, 1.6300000000000001)]
[(1.55, 2.92), (1.55, 2.92), (1.43, 1.92), (2.14, 1.21), (3.14, 1.24), (4.14, 1.29), (5.14, 1.37), (6.140000000000001, 1.45), (6.63, 1.49)]
[(1.62, 2.16), (1.62, 2.16), (1.9000000000000001, 1.2), (2.9, 1.19), (3.9, 1.18), (4.9, 1.17), (5.63, 1.16)]
[(2.2, 2.64), (2.2, 2.64), (1.51, 1.9100000000000001), (2.23, 1.21), (3.23, 1.23), (4.23, 1.26), (5.23, 1.29), (6.23, 1.31), (7.23, 1.34), (8.23, 1.37), (9.02, 1.3900000000000001)]
[(1.36, 1.98), (1.36, 1.98), (0.6900000000000001, 1.23), (0.67, 1.23)]
[(1.58, 1.92), (1.58, 1.92), (2.29, 1.21), (3.29, 1.25), (4.29, 1.3), (5.29, 1.3800000000000001), (6.29, 1.45), (7.29, 1.53), (8.290000000000001, 1.61), (9.05, 2.2600000000000002), (9.08, 2.98)]
[(5.23, 0.45), (5.23, 0.45), (4.25, 0.65), (3.27, 0.86), (2.29, 1.06), (1.37, 1.46), (1.1500000000000001, 2.44), (1.07, 2.7800000000000002)]
[(2.46, 2.98), (2.46, 2.98), (1.6600000000000001, 2.36), (1.3900000000000001, 1.3900000000000001), (2.38, 1.21), (3.38, 1.25), (4.38, 1.31), (5.38, 1.3800000000000001), (6.38, 1.46), (7.38, 1.54), (8.38, 1.62), (9.23, 2.16), (9.27, 2.21)]
[(0.9500000000000001, 2.2800000000000002), (0.9500000000000001, 2.2800000000000002), (1.3900000000000001, 1.3800000000000001), (2.14, 0.7000000000000001), (2.38, 0.5)]
[(8.57, 1.56), (8.57, 1.56), (7.57, 1.5), (6.57, 1.44), (5.57, 1.3800000000000001), (4.57, 1.31), (3.5700000000000003, 1.26), (2.57, 1.22), (1.57, 1.21), (1.18, 2.14), (1.07, 2.5300000000000002)]
[(5.5200000000000005, 2.02), (5.5200000000000005, 2.02), (4.6000000000000005, 1.62), (3.66, 1.26), (2.66, 1.23), (1.6600000000000001, 1.2), (1.17, 2.08), (1.0, 2.61)]
[(1.45, 2.0), (1.45, 2.0), (1.98, 1.1500000000000001), (2.98, 1.02), (3.9, 0.9)]
[(1.6300000000000001, 2.0100000000000002), (1.6300000000000001, 2.0100000000000002), (2.23, 1.21), (3.23, 1.24), (4.23, 1.27), (5.09, 1.3)]
[(4.4, 2.06), (4.4, 2.06), (3.7800000000000002, 1.27), (2.7800000000000002, 1.23), (1.78, 1.2), (1.26, 2.06), (1.08, 3.0500000000000003), (1.07, 3.08)]
[(5.19, 0.59), (5.19, 0.59), (6.0200000000000005, 1.17), (6.99, 1.46), (7.98, 1.62), (8.96, 1.83), (9.09, 2.83), (9.11, 3.23)]
[(9.040000000000001, 2.79), (9.040000000000001, 2.79), (8.93, 1.79), (7.97, 1.49), (6.98, 1.3), (6.38, 1.18)]
[(6.62, 1.78), (6.62, 1.78), (5.63, 1.6), (4.64, 1.42), (3.65, 1.26), (2.65, 1.23), (1.6500000000000001, 1.2), (1.61, 2.2), (2.38, 2.85), (2.64, 2.97)]
[(1.43, 2.5), (1.43, 2.5), (1.3800000000000001, 1.5), (2.34, 1.21), (3.34, 1.25), (4.2700000000000005, 1.6400000000000001), (5.04, 2.29), (5.08, 2.32)]
[(6.36, 2.43), (6.36, 2.43), (5.44, 2.0100000000000002), (4.5200000000000005, 1.59), (3.5700000000000003, 1.25), (2.57, 1.22), (1.57, 1.21), (1.61, 2.21), (2.45, 2.77), (2.96, 2.91)]
[(9.14, 1.79), (9.14, 1.79), (8.16, 1.59), (7.16, 1.52), (6.16, 1.44), (5.16, 1.37), (4.16, 1.29), (3.16, 1.24), (2.16, 1.21), (1.33, 1.67)]
[(2.34, 2.97), (2.34, 2.97), (1.6300000000000001, 2.2600000000000002), (1.45, 1.27), (2.45, 1.23), (3.45, 1.25), (4.32, 1.77), (4.8100000000000005, 2.5)]
[(1.1, 2.2), (1.1, 2.2), (1.46, 1.26), (2.46, 1.22), (3.46, 1.25), (4.46, 1.32), (5.46, 1.4000000000000001), (6.46, 1.48), (7.46, 1.56), (8.040000000000001, 1.61)]
[(5.58, 1.35), (5.58, 1.35), (4.58, 1.3), (3.58, 1.26), (2.58, 1.22), (1.58, 1.21), (1.61, 2.21), (2.46, 2.75), (2.65, 2.8000000000000003)]
[(6.0600000000000005, 2.7800000000000002), (6.0600000000000005, 2.7800000000000002), (5.23, 2.22), (4.4, 1.6600000000000001), (3.48, 1.25), (2.48, 1.22), (1.48, 1.25), (1.3, 2.24), (1.27, 2.5300000000000002)]
[(2.42, 2.99), (2.42, 2.99), (1.6600000000000001, 2.34), (1.3900000000000001, 1.37), (2.38, 1.19), (3.38, 1.17), (4.38, 1.1500000000000001), (5.38, 1.1400000000000001), (6.36, 1.12)]
[(5.71, 2.5300000000000002), (5.71, 2.5300000000000002), (4.87, 1.97), (4.04, 1.41), (3.06, 1.19), (2.06, 1.09), (1.06, 0.98), (0.63, 0.9400000000000001)]
[(9.24, 2.14), (9.24, 2.14), (8.41, 1.58), (7.42, 1.4000000000000001), (6.43, 1.22), (5.44, 1.03), (4.46, 0.8200000000000001), (3.5100000000000002, 0.62)]
[(1.07, 0.43), (1.07, 0.43), (2.0300000000000002, 0.73), (2.99, 1.02), (3.94, 1.36), (4.29, 1.96)]
[(9.11, 2.72), (9.11, 2.72), (8.88, 1.74), (7.890000000000001, 1.59), (6.890000000000001, 1.53), (6.82, 1.53)]
[(6.95, 1.45), (6.95, 1.45), (6.47, 2.34), (6.41, 3.24)]
[(5.3100000000000005, 1.47), (5.3100000000000005, 1.47), (4.3100000000000005, 1.34), (3.31, 1.25), (2.31, 1.22), (1.34, 1.47), (0.8200000000000001, 2.33), (0.7000000000000001, 2.44)]
[(2.13, 0.89), (2.13, 0.89), (3.11, 1.11), (4.07, 1.4000000000000001), (4.96, 1.87), (5.7700000000000005, 2.36)]
[(2.08, 2.85), (2.08, 2.85), (1.54, 2.0), (2.16, 1.21), (3.16, 1.25), (4.15, 1.41), (5.07, 1.81), (5.99, 2.21), (6.24, 2.32)]
[(6.28, 2.31), (6.28, 2.31), (6.99, 1.6), (7.98, 1.43), (8.19, 1.3900000000000001)]
[(1.4000000000000001, 2.43), (1.4000000000000001, 2.43), (1.3800000000000001, 1.43), (2.3000000000000003, 1.01), (3.27, 0.76), (4.24, 0.5), (4.54, 0.42)]
[(4.69, 0.9400000000000001), (4.69, 0.9400000000000001), (3.69, 1.02), (2.69, 1.11), (1.69, 1.19), (1.1300000000000001, 2.02), (0.52, 2.48)]
[(1.2, 2.9), (1.2, 2.9), (1.32, 1.9000000000000001), (2.05, 1.21), (3.0500000000000003, 1.22), (4.05, 1.23), (5.05, 1.24), (6.05, 1.26), (7.05, 1.27), (8.05, 1.28), (8.55, 1.29)]
[(7.33, 1.62), (7.33, 1.62), (6.33, 1.52), (5.33, 1.42), (4.33, 1.32), (3.33, 1.25), (2.33, 1.22), (1.35, 1.44), (0.87, 2.33), (0.49, 2.7800000000000002)]
[(2.98, 2.7600000000000002), (2.98, 2.7600000000000002), (1.98, 2.62), (1.46, 1.76), (2.3000000000000003, 1.21), (3.3000000000000003, 1.25), (4.25, 1.58), (5.0600000000000005, 2.17), (5.76, 2.68)]
[(7.71, 1.4000000000000001), (7.71, 1.4000000000000001), (6.71, 1.37), (5.71, 1.33), (4.71, 1.3), (3.71, 1.26), (2.71, 1.23), (1.71, 1.2), (1.6400000000000001, 2.17)]
[(0.26, 2.2600000000000002), (0.26, 2.2600000000000002), (1.19, 1.8900000000000001), (1.92, 1.2), (2.92, 1.23), (3.92, 1.29), (4.91, 1.45), (5.68, 1.58)]
[(5.44, 2.6), (5.44, 2.6), (4.67, 1.96), (3.9, 1.32), (2.9, 1.23), (1.9000000000000001, 1.2), (1.16, 1.8800000000000001), (0.56, 2.69), (0.34, 2.94)]
[(0.86, 2.8000000000000003), (0.86, 2.8000000000000003), (1.21, 1.86), (1.97, 1.2), (2.97, 1.25), (3.97, 1.34), (4.87, 1.78), (5.7700000000000005, 2.22), (6.07, 2.37)]
[(1.12, 0.66), (1.12, 0.66), (2.1, 0.88), (3.08, 1.1), (4.05, 1.37), (4.97, 1.77), (5.89, 2.18), (6.42, 2.41)]
[(3.0500000000000003, 0.46), (3.0500000000000003, 0.46), (2.15, 0.91), (1.37, 1.54), (1.23, 2.54), (1.1500000000000001, 3.0700000000000003)]
[(4.9, 2.58), (4.9, 2.58), (4.3100000000000005, 1.77), (3.45, 1.25), (2.45, 1.22), (1.45, 1.27), (1.0, 2.17), (0.31, 2.9), (0.3, 2.91)]
[(2.24, 2.66), (2.24, 2.66), (1.52, 1.95), (2.2, 1.21), (3.2, 1.25), (4.18, 1.49), (5.03, 2.02), (5.89, 2.5500000000000003), (6.51, 2.93)]
[(5.34, 0.66), (5.34, 0.66), (4.34, 0.8), (3.35, 0.9500000000000001), (2.35, 1.09), (1.3900000000000001, 1.3800000000000001), (1.18, 2.36), (1.05, 2.93)]
[(6.07, 2.93), (6.07, 2.93), (5.26, 2.33), (4.45, 1.73), (3.5700000000000003, 1.25), (2.57, 1.22), (1.57, 1.21), (1.61, 2.21), (2.31, 2.93), (2.59, 3.13)]
[(5.24, 2.0300000000000002), (5.24, 2.0300000000000002), (4.3500000000000005, 1.56), (3.4, 1.23), (2.4, 1.1500000000000001), (1.4000000000000001, 1.08), (1.19, 1.06)]
[(4.48, 1.7), (4.48, 1.7), (5.48, 1.67), (6.48, 1.6400000000000001), (7.48, 1.62), (8.49, 1.62), (9.02, 2.47), (9.01, 2.79)]
[(1.1500000000000001, 1.27), (1.1500000000000001, 1.27), (2.15, 1.21), (3.15, 1.25), (4.1, 1.6), (4.29, 1.8900000000000001)]
[(9.42, 2.65), (9.42, 2.65), (8.92, 1.78), (7.94, 1.57), (6.94, 1.5), (5.94, 1.43), (4.94, 1.35), (3.94, 1.28), (2.94, 1.24), (1.94, 1.2), (1.19, 1.87), (0.72, 2.7600000000000002), (0.61, 2.96)]
[(2.58, 2.72), (2.58, 2.72), (1.6500000000000001, 2.35), (1.2, 1.45), (0.62, 0.81)]
[(1.11, 2.18), (1.11, 2.18), (1.48, 1.24), (2.33, 0.71), (2.85, 0.39)]
[(0.74, 2.43), (0.74, 2.43), (1.3, 1.6), (2.13, 1.03), (2.9, 0.79)]
[(3.5700000000000003, 1.21), (3.5700000000000003, 1.21), (2.57, 1.2), (1.57, 1.21), (1.61, 2.21), (2.39, 2.67)]
[(0.7000000000000001, 2.25), (0.7000000000000001, 2.25), (1.35, 1.48), (2.32, 1.21), (3.3200000000000003, 1.25), (3.97, 2.0100000000000002), (3.97, 2.07)]
[(2.4, 2.67), (2.4, 2.67), (1.57, 2.1), (1.97, 1.18), (2.97, 1.1300000000000001), (3.97, 1.08), (4.8, 1.04)]
[(0.9, 2.23), (0.9, 2.23), (1.4000000000000001, 1.35), (2.4, 1.22), (3.4, 1.25), (4.33, 1.6400000000000001), (5.14, 2.23), (5.95, 2.83), (6.12, 2.95)]
[(0.61, 1.21), (0.61, 1.21), (1.4000000000000001, 1.83), (1.96, 2.66), (1.96, 2.66)]
[(7.03, 1.17), (7.03, 1.17), (6.03, 1.18), (5.0200000000000005, 1.18), (4.0200000000000005, 1.19), (3.02, 1.19), (2.02, 1.2), (1.57, 2.1), (2.32, 2.7800000000000002), (2.74, 2.94)]
[(1.6600000000000001, 3.06), (1.6600000000000001, 3.06), (1.48, 2.07), (1.83, 1.1300000000000001), (2.8000000000000003, 0.84), (3.7600000000000002, 0.56)]
[(1.59, 3.15), (1.59, 3.15), (1.46, 2.15), (1.71, 1.18), (2.69, 0.96), (3.67, 0.74), (3.75, 0.72)]
[(1.1, 1.06), (1.1, 1.06), (1.5, 1.98), (2.12, 2.77), (2.35, 2.92)]
[(1.1300000000000001, 2.85), (1.1300000000000001, 2.85), (1.3, 1.86), (1.97, 1.11), (2.95, 0.88), (3.93, 0.65), (4.91, 0.42), (4.94, 0.41000000000000003)]
[(5.22, 0.99), (5.22, 0.99), (6.21, 1.18), (7.19, 1.3800000000000001), (8.18, 1.57), (9.06, 2.05), (9.27, 2.91)]
[(9.22, 2.13), (9.22, 2.13), (8.38, 1.58), (7.390000000000001, 1.41), (6.4, 1.24), (5.41, 1.08), (4.42, 0.91), (4.13, 0.86)]
[(2.52, 2.91), (2.52, 2.91), (1.67, 2.38), (1.3800000000000001, 1.42), (2.36, 1.22), (3.36, 1.25), (4.3500000000000005, 1.4000000000000001), (5.33, 1.6400000000000001), (6.22, 1.85)]
[(4.99, 1.56), (4.99, 1.56), (4.01, 1.32), (3.0100000000000002, 1.24), (2.0100000000000002, 1.21), (1.21, 1.82), (0.62, 2.64), (0.45, 2.85)]
[(2.98, 0.45), (2.98, 0.45), (2.09, 0.92), (1.43, 1.68), (1.85, 2.59), (2.61, 3.1)]
[(1.96, 2.94), (1.96, 2.94), (1.55, 2.02), (2.14, 1.21), (3.14, 1.24), (4.13, 1.3900000000000001), (4.72, 1.59)]
[(5.15, 0.34), (5.15, 0.34), (4.17, 0.58), (3.19, 0.8200000000000001), (2.21, 1.05), (1.41, 1.6500000000000001), (1.81, 2.57), (2.33, 2.75)]
[(6.0200000000000005, 1.44), (6.0200000000000005, 1.44), (5.0200000000000005, 1.36), (4.0200000000000005, 1.28), (3.02, 1.24), (2.02, 1.21), (1.23, 1.83), (0.89, 2.7800000000000002), (0.87, 2.85)]
[(0.51, 2.72), (0.51, 2.72), (1.16, 1.96), (1.74, 1.1400000000000001), (2.69, 0.8), (3.3200000000000003, 0.5700000000000001)]
[(7.65, 1.55), (7.65, 1.55), (6.65, 1.48), (5.65, 1.4000000000000001), (4.65, 1.33), (3.65, 1.26), (2.65, 1.23), (1.6500000000000001, 1.2), (1.61, 2.2), (1.83, 2.79)]
[(1.28, 2.68), (1.28, 2.68), (1.36, 1.68), (2.25, 1.21), (3.25, 1.25), (4.18, 1.62), (4.8500000000000005, 2.38), (4.99, 2.58)]
[(1.16, 1.09), (1.16, 1.09), (2.16, 1.16), (3.16, 1.22), (4.14, 1.47), (4.99, 2.0), (5.84, 2.54), (6.26, 2.8000000000000003)]
[(1.85, 0.58), (1.85, 0.58), (1.3800000000000001, 1.47), (1.69, 2.43), (2.42, 2.91)]
[(1.0, 1.03), (1.0, 1.03), (2.0, 1.11), (3.0, 1.2), (4.0, 1.28), (5.0, 1.36), (6.0, 1.44), (7.0, 1.51), (8.0, 1.59), (8.97, 1.84), (9.28, 2.45)]
[(9.28, 2.39), (9.28, 2.39), (8.63, 1.62), (7.63, 1.55), (6.63, 1.47), (5.63, 1.3900000000000001), (5.14, 1.35)]
[(2.82, 2.72), (2.82, 2.72), (1.82, 2.57), (1.42, 1.6500000000000001), (2.32, 1.21), (3.3200000000000003, 1.25), (4.2700000000000005, 1.58), (4.2700000000000005, 1.58)]
[(9.31, 2.42), (9.31, 2.42), (8.69, 1.6300000000000001), (7.69, 1.52), (6.69, 1.4000000000000001), (5.69, 1.29), (4.69, 1.18), (3.69, 1.06), (2.69, 0.9500000000000001), (1.69, 0.84), (1.62, 0.8300000000000001)]
[(0.99, 2.87), (0.99, 2.87), (1.25, 1.9000000000000001), (1.97, 1.2), (2.97, 1.23), (3.97, 1.33), (4.93, 1.6500000000000001), (5.89, 1.96), (6.42, 2.14)]
[(9.26, 2.92), (9.26, 2.92), (9.03, 1.94), (8.09, 1.58), (7.09, 1.51), (6.09, 1.44), (5.09, 1.36), (4.09, 1.29), (3.09, 1.24), (2.09, 1.21), (1.28, 1.8), (1.01, 2.77), (0.9500000000000001, 3.0)]
[(0.9, 0.3), (0.9, 0.3), (1.85, 0.62), (2.8000000000000003, 0.9400000000000001), (3.7600000000000002, 1.26), (4.62, 1.78), (5.47, 2.32), (5.84, 2.5500000000000003)]
[(7.01, 1.59), (7.01, 1.59), (6.01, 1.49), (5.01, 1.3900000000000001), (4.01, 1.29), (3.0100000000000002, 1.24), (2.0100000000000002, 1.21), (1.19, 1.79), (0.43, 2.38)]
[(1.57, 1.8900000000000001), (1.57, 1.8900000000000001), (2.2600000000000002, 1.16), (3.13, 1.1)]
[(3.17, 3.06), (3.17, 3.06), (2.22, 2.72), (1.53, 1.98), (2.0300000000000002, 1.11), (2.57, 0.99)]
[(1.02, 2.47), (1.02, 2.47), (1.34, 1.52), (2.3000000000000003, 1.21), (3.3000000000000003, 1.25), (4.2700000000000005, 1.5), (4.38, 1.56)]
[(5.28, 2.44), (5.28, 2.44), (4.5, 1.81), (3.67, 1.25), (3.0100000000000002, 1.16)]
[(6.23, 2.39), (6.23, 2.39), (6.86, 1.61), (7.57, 1.31)]
[(0.5, 2.4), (0.5, 2.4), (1.25, 1.73), (2.1, 1.2), (3.1, 1.24), (4.1, 1.36), (5.0600000000000005, 1.6600000000000001), (5.53, 1.81)]
[(5.36, 0.54), (5.36, 0.54), (6.15, 1.17), (7.140000000000001, 1.34), (8.13, 1.52), (9.03, 1.96), (9.22, 2.62)]
[(0.44, 2.7800000000000002), (0.44, 2.7800000000000002), (1.12, 2.04), (1.67, 1.2), (2.67, 1.22), (3.67, 1.24), (4.28, 1.25)]
