[(2.2800000000000002, 1.11), (2.2800000000000002, 1.11), (2.08, 2.09), (1.8900000000000001, 3.08), (1.33, 3.91), (0.72, 4.72), (0.42, 5.12)]
[(0.98, 1.58), (0.98, 1.58), (1.8900000000000001, 2.02), (1.8900000000000001, 3.0300000000000002), (1.79, 4.03), (1.69, 5.03), (1.6, 6.03), (1.53, 6.71)]
[(2.07, 4.8100000000000005), (2.07, 4.8100000000000005), (2.0300000000000002, 3.81), (1.98, 2.81), (1.6400000000000001, 1.86), (1.05, 1.21)]
[(1.31, 1.85), (1.31, 1.85), (1.92, 2.65), (1.76, 3.64), (1.52, 4.62), (1.48, 4.79)]
[(1.05, 5.17), (1.05, 5.17), (1.43, 4.24), (1.81, 3.31), (1.97, 2.32), (2.1, 1.32), (2.12, 1.16)]
[(0.59, 4.46), (0.59, 4.46), (1.31, 3.7600000000000002), (1.92, 2.96), (2.18, 1.99), (2.44, 1.02), (2.44, 1.01)]
[(1.98, 2.45), (1.98, 2.45), (1.69, 3.42), (1.06, 4.2), (0.43, 4.98), (0.37, 5.05)]
[(3.11, 4.7), (3.11, 4.7), (2.69, 3.7800000000000002), (2.2800000000000002, 2.86), (1.83, 1.96), (1.0, 1.6600000000000001)]
[(2.02, 2.46), (2.02, 2.46), (1.68, 3.41), (0.99, 4.14), (0.5700000000000001, 4.59)]
[(0.32, 3.5), (0.32, 3.5), (1.32, 3.42), (1.97, 2.65), (2.15, 1.6600000000000001), (2.34, 0.67), (2.38, 0.47000000000000003)]
[(0.88, 5.48), (0.88, 5.48), (1.28, 4.55), (1.67, 3.62), (1.9100000000000001, 2.64), (1.95, 1.6400000000000001), (1.94, 0.64), (1.94, 0.53)]
[(1.01, 1.24), (1.01, 1.24), (1.76, 1.92), (1.93, 2.91), (1.8900000000000001, 3.91), (1.8800000000000001, 4.39)]
[(2.12, 1.8900000000000001), (2.12, 1.8900000000000001), (1.93, 2.88), (1.52, 3.8000000000000003), (1.04, 4.68), (0.5, 5.53), (0.46, 5.59)]
[(1.03, 1.82), (1.03, 1.82), (1.98, 2.16), (2.46, 3.04), (2.82, 3.7)]
[(2.23, 0.85), (2.23, 0.85), (2.08, 1.84), (1.92, 2.83), (1.62, 3.79), (1.26, 4.73), (0.89, 5.66), (0.66, 6.26)]
[(2.08, 4.62), (2.08, 4.62), (2.0300000000000002, 3.62), (1.98, 2.62), (1.33, 1.86), (1.18, 1.86)]
[(1.02, 1.58), (1.02, 1.58), (1.9100000000000001, 2.04), (2.23, 3.0), (2.5300000000000002, 3.96), (2.5500000000000003, 4.0200000000000005)]
[(0.41000000000000003, 4.4), (0.41000000000000003, 4.4), (1.19, 3.77), (1.9000000000000001, 3.06), (2.22, 2.1), (2.5100000000000002, 1.21)]
[(1.98, 0.34), (1.98, 0.34), (1.96, 1.34), (1.94, 2.34), (1.8, 3.34), (1.43, 4.2700000000000005), (1.06, 5.2), (0.87, 5.68)]
[(1.55, 1.85), (1.55, 1.85), (1.8900000000000001, 2.8000000000000003), (1.6300000000000001, 3.77), (1.27, 4.71), (0.9, 5.64), (0.64, 6.32)]
[(0.91, 4.63), (0.91, 4.63), (1.47, 3.79), (1.8900000000000001, 2.88), (1.97, 1.8800000000000001), (2.02, 0.88), (2.02, 0.8300000000000001)]
[(1.98, 1.1400000000000001), (1.98, 1.1400000000000001), (1.95, 2.14), (1.87, 3.14), (1.55, 4.09), (1.22, 5.04), (0.98, 5.74)]
[(2.0100000000000002, 6.8500000000000005), (2.0100000000000002, 6.8500000000000005), (2.0, 5.8500000000000005), (1.98, 4.8500000000000005), (1.97, 3.85), (1.96, 2.85), (1.67, 1.8900000000000001), (1.35, 1.8)]
[(1.11, 1.6600000000000001), (1.11, 1.6600000000000001), (1.95, 2.21), (1.84, 3.21), (1.06, 3.84), (0.64, 4.15)]
[(1.53, 3.74), (1.53, 3.74), (1.9000000000000001, 2.81), (1.6, 1.85), (0.9500000000000001, 1.62)]
[(0.9500000000000001, 4.4), (0.9500000000000001, 4.4), (1.56, 3.6), (1.92, 2.66), (2.04, 1.6600000000000001), (2.15, 0.66), (2.17, 0.46)]
[(0.97, 1.43), (0.97, 1.43), (1.83, 1.96), (1.8900000000000001, 2.96), (1.53, 3.9), (1.11, 4.8100000000000005), (0.6900000000000001, 5.72), (0.28, 6.6000000000000005)]
[(2.02, 1.8), (2.02, 1.8), (1.9000000000000001, 2.8000000000000003), (1.49, 3.72), (1.26, 4.04)]
[(2.45, 4.3100000000000005), (2.45, 4.3100000000000005), (2.23, 3.33), (2.0, 2.35), (1.19, 1.76), (1.06, 1.72)]
[(2.42, 0.54), (2.42, 0.54), (2.21, 1.52), (2.0100000000000002, 2.5), (1.62, 3.43), (1.37, 3.62)]
[(2.48, 1.6600000000000001), (2.48, 1.6600000000000001), (2.1, 2.59), (1.54, 3.42), (0.65, 3.7600000000000002)]
[(2.11, 0.98), (2.11, 0.98), (1.99, 1.98), (1.8800000000000001, 2.98), (1.03, 3.52), (0.55, 3.64)]
[(0.47000000000000003, 4.36), (0.47000000000000003, 4.36), (1.25, 3.73), (1.94, 3.0), (2.37, 2.09), (2.48, 1.86)]
[(1.8800000000000001, 1.97), (1.8800000000000001, 1.97), (1.8800000000000001, 2.97), (1.44, 3.87), (0.91, 4.73), (0.44, 5.49)]
[(0.56, 3.6), (0.56, 3.6), (1.54, 3.4), (2.09, 2.56), (2.2600000000000002, 2.08)]
[(2.16, 1.7), (2.16, 1.7), (1.96, 2.69), (1.57, 3.62), (1.0, 4.45), (0.43, 5.28), (0.31, 5.46)]
[(3.09, 2.82), (3.09, 2.82), (2.46, 2.04), (2.35, 1.04), (2.29, 0.5)]
[(1.21, 1.3), (1.21, 1.3), (2.02, 1.8900000000000001), (2.23, 1.92)]
[(1.81, 4.07), (1.81, 4.07), (1.8900000000000001, 3.0700000000000003), (1.92, 2.07), (1.2, 1.73)]
[(2.3000000000000003, 0.67), (2.3000000000000003, 0.67), (2.13, 1.6600000000000001), (1.96, 2.65), (1.36, 3.45), (0.39, 3.71), (0.31, 3.73)]
[(2.18, 0.42), (2.18, 0.42), (2.05, 1.42), (1.93, 2.42), (1.75, 3.41), (1.31, 4.3100000000000005), (1.17, 4.61)]
[(0.63, 4.18), (0.63, 4.18), (1.43, 3.5700000000000003), (1.99, 2.74), (2.22, 1.9100000000000001)]
[(1.96, 0.88), (1.96, 0.88), (1.95, 1.8800000000000001), (1.8900000000000001, 2.88), (1.52, 3.81), (1.31, 4.14)]
[(0.3, 4.88), (0.3, 4.88), (0.99, 4.14), (1.68, 3.41), (2.0300000000000002, 2.47), (2.18, 1.83)]
[(0.9400000000000001, 1.42), (0.9400000000000001, 1.42), (1.9100000000000001, 1.68), (2.44, 0.8200000000000001), (2.6, 0.56)]
[(2.02, 1.21), (2.02, 1.21), (1.96, 2.21), (1.84, 3.21), (1.02, 3.79), (0.96, 3.83)]
[(0.72, 4.68), (0.72, 4.68), (1.34, 3.88), (1.9000000000000001, 3.0500000000000003), (2.21, 2.09), (2.5100000000000002, 1.1300000000000001), (2.5500000000000003, 1.0)]
[(2.04, 0.97), (2.04, 0.97), (1.97, 1.97), (1.8800000000000001, 2.97), (1.54, 3.92), (1.1300000000000001, 4.84), (0.72, 5.76), (0.5, 6.2700000000000005)]
[(2.59, 0.93), (2.59, 0.93), (2.5100000000000002, 1.93), (2.66, 2.92), (3.0300000000000002, 3.86), (3.04, 3.89)]
[(0.79, 4.3), (0.79, 4.3), (1.5, 3.58), (1.9100000000000001, 2.66), (1.98, 1.6600000000000001), (2.0, 1.26)]
[(2.32, 0.34), (2.32, 0.34), (2.16, 1.33), (2.0, 2.32), (1.78, 3.3000000000000003), (0.8200000000000001, 3.62), (0.39, 3.74)]
[(2.15, 3.7), (2.15, 3.7), (2.02, 2.7), (1.54, 1.82), (1.04, 1.45)]
[(1.73, 1.8800000000000001), (1.73, 1.8800000000000001), (1.8900000000000001, 2.87), (1.6400000000000001, 3.85), (1.33, 4.8100000000000005), (1.02, 5.75)]
[(1.28, 1.74), (1.28, 1.74), (1.92, 2.5100000000000002), (1.61, 3.47), (0.89, 4.18), (0.85, 4.22)]
[(1.1400000000000001, 1.77), (1.1400000000000001, 1.77), (1.94, 2.38), (1.69, 3.35), (0.7000000000000001, 3.5300000000000002), (0.27, 3.59)]
[(2.33, 1.62), (2.33, 1.62), (2.04, 2.58), (1.54, 3.46), (0.6900000000000001, 3.99), (0.6, 4.05)]
[(1.0, 5.66), (1.0, 5.66), (1.33, 4.71), (1.6600000000000001, 3.7600000000000002), (1.9000000000000001, 2.7800000000000002), (1.56, 1.83), (1.29, 1.74)]
[(1.18, 1.76), (1.18, 1.76), (2.0100000000000002, 2.34), (2.2600000000000002, 3.31), (2.52, 4.28), (2.77, 5.25), (2.83, 5.46)]
[(0.67, 5.92), (0.67, 5.92), (1.07, 5.0), (1.47, 4.08), (1.87, 3.16), (2.04, 2.17), (2.21, 1.18), (2.34, 0.42)]
[(2.45, 5.55), (2.45, 5.55), (2.3000000000000003, 4.55), (2.16, 3.5500000000000003), (2.0100000000000002, 2.56), (1.3800000000000001, 1.77), (1.21, 1.59)]
[(0.92, 1.41), (0.92, 1.41), (1.78, 1.93), (1.93, 2.92), (1.9100000000000001, 3.92), (1.8800000000000001, 4.92), (1.86, 5.79)]
[(2.16, 0.87), (2.16, 0.87), (2.0100000000000002, 1.86), (1.8900000000000001, 2.86), (1.52, 3.8000000000000003), (1.0, 4.66), (0.96, 4.72)]
[(0.63, 4.34), (0.63, 4.34), (1.3800000000000001, 3.66), (1.9000000000000001, 2.8000000000000003), (1.55, 1.86), (1.33, 1.81)]
[(1.22, 1.1300000000000001), (1.22, 1.1300000000000001), (1.81, 1.94), (2.08, 2.91), (2.24, 3.9), (2.41, 4.89), (2.57, 5.88), (2.68, 6.55)]
[(1.0, 3.83), (1.0, 3.83), (1.82, 3.25), (1.95, 2.25), (1.99, 1.4000000000000001)]
[(2.14, 1.75), (2.14, 1.75), (1.95, 2.74), (1.3, 3.5), (1.29, 3.5)]
[(0.64, 4.43), (0.64, 4.43), (1.36, 3.72), (1.94, 2.89), (2.19, 1.92), (2.4, 1.1)]
[(2.82, 4.2700000000000005), (2.82, 4.2700000000000005), (2.44, 3.34), (2.07, 2.41), (1.32, 1.74), (1.08, 1.57)]
[(2.5300000000000002, 0.41000000000000003), (2.5300000000000002, 0.41000000000000003), (2.29, 1.3900000000000001), (2.06, 2.37), (1.75, 3.33), (0.89, 3.85), (0.27, 4.22)]
[(1.8900000000000001, 2.79), (1.8900000000000001, 2.79), (1.34, 3.63), (0.53, 4.22), (0.33, 4.37)]
[(0.43, 4.51), (0.43, 4.51), (1.18, 3.84), (1.8800000000000001, 3.12), (2.17, 2.15), (2.3000000000000003, 1.7)]
[(1.21, 1.81), (1.21, 1.81), (1.92, 2.52), (1.72, 3.5), (1.32, 4.42), (0.91, 5.34), (0.51, 6.26), (0.48, 6.32)]
[(0.61, 5.66), (0.61, 5.66), (1.06, 4.76), (1.52, 3.86), (1.8900000000000001, 2.93), (2.0, 1.93), (2.11, 0.93), (2.17, 0.43)]
[(0.66, 5.89), (0.66, 5.89), (1.07, 4.97), (1.47, 4.05), (1.87, 3.13), (1.96, 2.13), (2.02, 1.18)]
[(1.16, 4.97), (1.16, 4.97), (1.53, 4.03), (1.8800000000000001, 3.09), (1.95, 2.09), (1.96, 1.09), (1.96, 0.85)]
[(1.06, 1.37), (1.06, 1.37), (1.86, 1.99), (1.8800000000000001, 2.99), (1.53, 3.93), (1.11, 4.8500000000000005), (0.88, 5.37)]
[(1.22, 1.71), (1.22, 1.71), (1.93, 2.42), (1.77, 3.41), (1.4000000000000001, 4.34), (1.03, 5.28), (0.96, 5.46)]
[(1.02, 1.07), (1.02, 1.07), (1.6300000000000001, 1.87), (2.0100000000000002, 2.8000000000000003), (2.1, 3.8000000000000003), (2.19, 4.8), (2.27, 5.8), (2.2800000000000002, 5.86)]
[(0.39, 5.17), (0.39, 5.17), (1.0, 4.36), (1.6, 3.56), (2.0, 2.64), (2.24, 1.6600000000000001), (2.48, 0.68), (2.5100000000000002, 0.54)]
[(0.9, 1.8), (0.9, 1.8), (1.8800000000000001, 2.0100000000000002), (2.5100000000000002, 2.8000000000000003), (3.0100000000000002, 3.44)]
[(0.92, 3.45), (0.92, 3.45), (1.8800000000000001, 3.14), (2.21, 2.19), (2.38, 1.72)]
[(2.98, 4.96), (2.98, 4.96), (2.64, 4.01), (2.29, 3.0700000000000003), (1.95, 2.12), (1.41, 1.85)]
[(2.46, 1.24), (2.46, 1.24), (2.16, 2.2), (1.87, 3.16), (1.21, 3.92), (0.56, 4.63)]
[(2.7800000000000002, 5.66), (2.7800000000000002, 5.66), (2.5500000000000003, 4.68), (2.32, 3.7), (2.09, 2.72), (1.59, 1.84), (1.06, 1.36)]
[(1.2, 1.34), (1.2, 1.34), (2.19, 1.17), (2.34, 0.89)]
[(1.22, 6.12), (1.22, 6.12), (1.43, 5.14), (1.6500000000000001, 4.16), (1.86, 3.18), (1.95, 2.18), (1.12, 1.6), (0.99, 1.51)]
[(0.77, 5.33), (0.77, 5.33), (1.23, 4.43), (1.68, 3.5300000000000002), (1.92, 2.5500000000000003), (1.95, 1.55), (1.95, 0.54), (1.95, 0.53)]
[(2.93, 4.98), (2.93, 4.98), (2.6, 4.03), (2.2800000000000002, 3.08), (1.95, 2.13), (1.04, 1.83)]
[(1.25, 4.8500000000000005), (1.25, 4.8500000000000005), (1.6, 3.9), (1.8900000000000001, 2.94), (1.81, 1.94), (0.9, 1.52), (0.89, 1.51)]
[(0.44, 4.4), (0.44, 4.4), (1.22, 3.7600000000000002), (1.8900000000000001, 3.0100000000000002), (2.0300000000000002, 2.0100000000000002), (2.17, 1.01), (2.24, 0.53)]
[(1.16, 1.21), (1.16, 1.21), (1.83, 1.96), (2.0, 2.95), (2.06, 3.95), (2.12, 4.95), (2.18, 5.95), (2.21, 6.48)]
[(2.65, 5.14), (2.65, 5.14), (2.42, 4.16), (2.2, 3.18), (1.97, 2.2), (1.12, 1.67), (1.07, 1.6500000000000001)]
[(1.09, 1.25), (1.09, 1.25), (1.82, 1.95), (1.93, 2.95), (1.8900000000000001, 3.95), (1.86, 4.95), (1.83, 5.95), (1.82, 6.41)]
[(1.98, 1.42), (1.98, 1.42), (1.93, 2.42), (1.72, 3.4), (1.16, 4.24), (0.9500000000000001, 4.5600000000000005)]
[(1.3900000000000001, 5.5600000000000005), (1.3900000000000001, 5.5600000000000005), (1.59, 4.57), (1.78, 3.58), (1.92, 2.58), (1.25, 1.83), (0.9, 1.8)]
[(1.16, 1.1400000000000001), (1.16, 1.1400000000000001), (1.78, 1.93), (1.8900000000000001, 2.93), (1.54, 3.87), (1.41, 4.16)]
[(2.2600000000000002, 6.4), (2.2600000000000002, 6.4), (2.19, 5.4), (2.12, 4.4), (2.04, 3.4), (1.97, 2.4), (1.27, 1.67), (1.25, 1.01)]
[(1.62, 3.68), (1.62, 3.68), (1.9100000000000001, 2.72), (1.51, 1.85)]
[(0.9, 1.47), (0.9, 1.47), (1.79, 1.93), (1.8900000000000001, 2.93), (1.6400000000000001, 3.9), (1.35, 4.86), (1.05, 5.82), (0.75, 6.78), (0.74, 6.82)]
[(1.41, 3.98), (1.41, 3.98), (1.8800000000000001, 3.09), (1.93, 2.09), (1.67, 1.84)]
