[(1.48, 1.49), (1.48, 1.49), (1.76, 2.46), (2.24, 3.34), (3.24, 3.25), (3.81, 2.42), (4.08, 1.76)]
[(1.3800000000000001, 2.66), (1.3800000000000001, 2.66), (0.9400000000000001, 3.5700000000000003), (0.85, 3.62)]
[(0.5, 4.26), (0.5, 4.26), (1.45, 3.91), (2.4, 3.56), (3.35, 3.23), (3.97, 2.44), (4.54, 1.61), (4.87, 1.12)]
[(2.72, 3.39), (2.72, 3.39), (3.65, 2.99), (4.39, 2.31), (5.13, 1.62), (5.9, 0.98), (5.95, 0.9400000000000001)]
[(5.97, 0.88), (5.97, 0.88), (5.21, 1.54), (4.45, 2.21), (3.72, 2.91), (2.79, 3.29), (1.79, 3.34), (1.55, 3.34)]
[(1.8, 1.7), (1.8, 1.7), (1.8800000000000001, 2.7), (2.68, 3.3000000000000003), (3.64, 3.0), (4.38, 2.31), (5.12, 1.6300000000000001), (5.91, 1.0), (6.5, 0.55)]
[(0.78, 3.79), (0.78, 3.79), (1.76, 3.58), (2.74, 3.36), (3.6, 2.84), (3.85, 1.87), (3.98, 1.33)]
[(1.73, 1.81), (1.73, 1.81), (1.8800000000000001, 2.8000000000000003), (2.7600000000000002, 3.29), (3.63, 2.77), (3.88, 1.8), (3.9, 1.73)]
[(4.69, 2.5), (4.69, 2.5), (3.81, 2.99), (2.85, 3.29), (1.8800000000000001, 3.0100000000000002), (1.52, 2.25)]
[(3.23, 3.48), (3.23, 3.48), (2.23, 3.35), (1.67, 2.52), (1.4000000000000001, 1.93)]
[(4.11, 1.81), (4.11, 1.81), (3.7, 2.73), (2.95, 3.4), (2.02, 3.7800000000000002), (1.09, 4.17), (0.59, 4.38)]
[(1.09, 4.28), (1.09, 4.28), (1.44, 3.33), (1.29, 2.59)]
[(1.62, 1.95), (1.62, 1.95), (1.8900000000000001, 2.92), (2.83, 3.2800000000000002), (3.81, 3.04), (4.11, 2.91)]
[(0.5, 3.86), (0.5, 3.86), (1.48, 3.64), (2.46, 3.43), (3.44, 3.18), (4.24, 2.58), (4.76, 2.19)]
[(4.82, 4.38), (4.82, 4.38), (5.26, 3.47), (5.91, 2.88)]
[(4.98, 1.84), (4.98, 1.84), (4.22, 2.5100000000000002), (3.46, 3.17), (2.47, 3.3200000000000003), (1.56, 2.88), (0.9500000000000001, 2.5500000000000003)]
[(4.26, 1.0), (4.26, 1.0), (3.93, 1.95), (3.6, 2.9), (2.72, 3.39), (1.75, 3.65), (1.49, 3.72)]
[(1.6600000000000001, 1.82), (1.6600000000000001, 1.82), (1.55, 2.82), (1.0, 3.67), (0.38, 4.2700000000000005)]
[(1.25, 3.5100000000000002), (1.25, 3.5100000000000002), (2.24, 3.35), (3.24, 3.25), (4.11, 2.75), (4.73, 2.35)]
[(4.25, 2.05), (4.25, 2.05), (3.68, 2.88), (2.7600000000000002, 3.29), (1.8800000000000001, 2.81), (1.77, 2.19)]
[(3.89, 2.07), (3.89, 2.07), (3.56, 3.02), (2.77, 3.65), (1.94, 4.22), (1.84, 4.29)]
[(6.24, 1.02), (6.24, 1.02), (5.33, 1.44), (4.7, 2.22), (4.11, 3.0300000000000002), (3.68, 3.63)]
[(4.18, 1.03), (4.18, 1.03), (3.88, 1.99), (3.58, 2.95), (2.64, 3.3000000000000003), (1.8, 2.75), (1.58, 2.19)]
[(4.0, 3.22), (4.0, 3.22), (4.58, 2.4), (5.19, 1.59), (6.1000000000000005, 1.17), (6.93, 0.9)]
[(1.87, 1.93), (1.87, 1.93), (1.9100000000000001, 2.93), (2.85, 3.2800000000000002), (3.68, 2.7), (4.01, 1.75), (4.09, 1.54)]
[(4.51, 3.38), (4.51, 3.38), (4.74, 2.4), (5.24, 1.52), (5.61, 1.04)]
[(1.79, 2.24), (1.79, 2.24), (1.99, 3.22), (2.99, 3.27), (3.72, 2.58), (3.97, 1.87)]
[(6.04, 0.9400000000000001), (6.04, 0.9400000000000001), (5.23, 1.53), (4.9, 2.48), (5.2, 2.88)]
[(5.91, 0.81), (5.91, 0.81), (5.18, 1.51), (4.46, 2.21), (3.73, 2.91), (2.8000000000000003, 3.3000000000000003), (2.0300000000000002, 3.4)]
[(1.52, 3.34), (1.52, 3.34), (2.52, 3.31), (3.5100000000000002, 3.12), (3.72, 2.14), (3.85, 1.44)]
[(2.04, 3.35), (2.04, 3.35), (3.04, 3.27), (3.91, 2.77), (4.66, 2.1), (5.07, 1.73)]
[(1.1, 4.0200000000000005), (1.1, 4.0200000000000005), (2.05, 3.68), (3.0, 3.34), (3.75, 2.67), (4.2, 1.77), (4.51, 1.1500000000000001)]
[(5.59, 1.17), (5.59, 1.17), (4.92, 1.92), (4.78, 2.92), (4.75, 3.7)]
[(1.36, 2.65), (1.36, 2.65), (2.11, 3.33), (3.0700000000000003, 3.62), (3.46, 3.74)]
[(4.38, 1.6400000000000001), (4.38, 1.6400000000000001), (3.87, 2.5100000000000002), (3.23, 3.2800000000000002), (2.43, 3.61)]
[(0.9500000000000001, 2.58), (0.9500000000000001, 2.58), (1.83, 3.0700000000000003), (2.81, 3.29), (3.8000000000000003, 3.1), (4.7700000000000005, 2.84), (4.8, 2.83)]
[(6.92, 0.41000000000000003), (6.92, 0.41000000000000003), (6.08, 0.96), (5.24, 1.52), (4.7, 2.37), (4.29, 3.29), (4.15, 3.62)]
[(5.99, 0.9), (5.99, 0.9), (5.21, 1.54), (4.44, 2.19), (3.73, 2.9), (2.88, 3.44), (1.96, 3.85), (1.04, 4.25), (0.9500000000000001, 4.29)]
[(6.87, 1.04), (6.87, 1.04), (5.89, 1.28), (5.0200000000000005, 1.8), (4.5200000000000005, 2.48)]
[(0.49, 4.33), (0.49, 4.33), (1.16, 3.5700000000000003), (1.6300000000000001, 2.68), (1.83, 1.92)]
[(6.38, 0.55), (6.38, 0.55), (5.61, 1.2), (4.92, 1.93), (4.98, 2.93), (5.25, 3.9), (5.32, 4.15)]
[(4.68, 4.23), (4.68, 4.23), (3.68, 4.15), (2.68, 4.13), (1.68, 4.26), (0.9, 4.43)]
[(2.54, 4.05), (2.54, 4.05), (3.27, 3.35), (3.61, 2.4), (3.6, 1.4000000000000001), (3.59, 0.97)]
[(5.08, 1.01), (5.08, 1.01), (4.8500000000000005, 1.99), (5.2, 2.93), (5.23, 2.98)]
[(1.04, 2.36), (1.04, 2.36), (1.78, 3.04), (2.75, 3.3000000000000003), (3.74, 3.15), (4.72, 2.94), (5.0200000000000005, 2.87)]
[(6.88, 1.11), (6.88, 1.11), (5.89, 1.31), (4.99, 1.76), (4.5, 2.22)]
[(3.68, 2.17), (3.68, 2.17), (3.48, 3.15), (2.49, 3.3200000000000003), (1.76, 2.63), (1.43, 1.68), (1.42, 1.6400000000000001)]
[(1.62, 3.48), (1.62, 3.48), (2.62, 3.34), (3.5700000000000003, 3.02), (3.99, 2.11), (4.42, 1.2), (4.45, 1.1300000000000001)]
[(6.3500000000000005, 0.72), (6.3500000000000005, 0.72), (5.53, 1.3), (4.72, 1.9100000000000001), (4.01, 2.62), (3.23, 3.25), (2.23, 3.34), (1.62, 2.54), (1.57, 2.45)]
[(1.33, 2.0100000000000002), (1.33, 2.0100000000000002), (1.81, 2.89), (2.73, 3.29), (3.66, 2.92), (4.25, 2.1), (4.84, 1.29), (5.07, 0.97)]
[(1.03, 3.66), (1.03, 3.66), (1.3800000000000001, 2.72), (0.97, 2.61)]
[(2.33, 3.7), (2.33, 3.7), (3.24, 3.2800000000000002), (4.0600000000000005, 2.7), (4.7700000000000005, 1.99), (5.5600000000000005, 1.37), (6.54, 1.1400000000000001), (6.83, 1.07)]
[(6.24, 1.05), (6.24, 1.05), (5.32, 1.45), (4.76, 2.29), (4.48, 3.2600000000000002), (4.19, 4.23), (4.18, 4.28)]
[(6.0200000000000005, 1.32), (6.0200000000000005, 1.32), (5.05, 1.58), (4.34, 2.29), (3.63, 3.0), (2.68, 3.3200000000000003), (1.68, 3.45), (0.7000000000000001, 3.58)]
[(1.45, 4.41), (1.45, 4.41), (2.31, 3.88), (3.17, 3.35), (3.93, 2.7), (4.64, 1.99), (5.3500000000000005, 1.28), (5.5200000000000005, 1.11)]
[(1.75, 2.93), (1.75, 2.93), (2.68, 3.3200000000000003), (3.68, 3.29), (4.68, 3.2600000000000002), (5.19, 3.23)]
[(4.13, 1.36), (4.13, 1.36), (3.8000000000000003, 2.31), (3.38, 3.22), (2.38, 3.33), (1.71, 2.57), (1.4000000000000001, 1.82)]
[(0.61, 3.59), (0.61, 3.59), (1.6, 3.44), (2.6, 3.3000000000000003), (3.58, 3.06), (4.32, 2.37), (5.0600000000000005, 1.68), (5.89, 1.11), (6.49, 0.75)]
[(4.15, 4.33), (4.15, 4.33), (5.14, 4.5200000000000005), (5.2, 4.95)]
[(5.1000000000000005, 3.87), (5.1000000000000005, 3.87), (4.91, 2.88), (4.96, 1.8800000000000001), (5.79, 1.32), (6.390000000000001, 1.18)]
[(2.69, 3.87), (2.69, 3.87), (1.96, 3.17), (1.61, 2.23), (1.42, 1.68)]
[(3.46, 1.02), (3.46, 1.02), (3.56, 2.02), (3.56, 3.0300000000000002), (2.65, 3.45), (1.77, 3.74)]
[(3.97, 2.24), (3.97, 2.24), (3.5, 3.13), (2.52, 3.38), (1.53, 3.5500000000000003), (0.56, 3.72)]
[(1.69, 1.74), (1.69, 1.74), (1.87, 2.73), (2.7, 3.3000000000000003), (3.66, 2.99), (4.41, 2.32), (4.88, 1.9000000000000001)]
[(6.88, 1.31), (6.88, 1.31), (5.88, 1.37), (4.96, 1.78), (4.22, 2.46), (3.48, 3.15), (2.71, 3.8000000000000003), (2.64, 3.86)]
[(1.01, 2.22), (1.01, 2.22), (1.71, 2.94), (2.65, 3.3000000000000003), (3.62, 3.0500000000000003), (4.38, 2.38), (5.09, 1.67), (6.01, 1.25), (6.99, 1.01), (7.0200000000000005, 1.0)]
[(5.25, 4.68), (5.25, 4.68), (4.38, 4.18), (3.44, 3.83), (2.5, 3.48), (1.75, 2.81), (1.6300000000000001, 2.59)]
[(0.87, 4.11), (0.87, 4.11), (1.82, 3.77), (2.77, 3.43), (3.68, 3.0), (4.43, 2.33), (5.14, 1.62), (5.98, 1.07), (6.86, 0.5700000000000001), (7.0200000000000005, 0.48)]
[(0.87, 3.39), (0.87, 3.39), (1.87, 3.35), (2.87, 3.2800000000000002), (3.68, 2.68), (4.01, 1.73), (4.18, 1.23)]
[(1.6500000000000001, 2.7600000000000002), (1.6500000000000001, 2.7600000000000002), (2.48, 3.3200000000000003), (3.47, 3.16), (4.25, 2.5300000000000002), (4.78, 2.11)]
[(4.97, 1.31), (4.97, 1.31), (4.8100000000000005, 2.3000000000000003), (5.65, 2.85), (5.65, 2.85)]
[(1.75, 4.2700000000000005), (1.75, 4.2700000000000005), (2.6, 3.72), (3.45, 3.17), (4.18, 2.48), (4.91, 1.78), (5.64, 1.08), (5.74, 0.98)]
[(2.59, 3.79), (2.59, 3.79), (3.41, 3.2), (3.88, 2.38)]
[(4.4, 2.9), (4.4, 2.9), (3.44, 3.19), (2.44, 3.3200000000000003), (1.78, 2.56), (1.67, 2.16)]
[(5.12, 3.5500000000000003), (5.12, 3.5500000000000003), (4.12, 3.48), (3.12, 3.41), (2.12, 3.33), (1.87, 2.36), (1.8, 1.36), (1.79, 1.1500000000000001)]
[(4.2700000000000005, 2.7600000000000002), (4.2700000000000005, 2.7600000000000002), (3.37, 3.22), (2.37, 3.33), (1.71, 3.18)]
[(4.78, 3.63), (4.78, 3.63), (4.8, 2.63), (5.12, 1.68), (5.99, 1.18), (6.21, 1.09)]
[(1.67, 4.08), (1.67, 4.08), (2.57, 3.62), (3.47, 3.16), (3.96, 2.34)]
[(1.52, 3.06), (1.52, 3.06), (2.49, 3.33), (3.49, 3.3200000000000003), (4.49, 3.3000000000000003), (5.04, 3.29)]
[(3.5500000000000003, 1.03), (3.5500000000000003, 1.03), (3.59, 2.0300000000000002), (3.56, 3.0300000000000002), (2.66, 3.47), (1.71, 3.8000000000000003), (1.43, 3.9)]
[(3.89, 4.04), (3.89, 4.04), (4.33, 3.13), (4.76, 2.22), (5.36, 1.41), (6.12, 0.75), (6.33, 0.5700000000000001)]
[(5.88, 2.84), (5.88, 2.84), (4.89, 2.99), (3.9, 3.15), (2.9, 3.2800000000000002), (1.92, 3.04), (1.83, 2.04), (1.77, 1.36)]
[(5.08, 3.3200000000000003), (5.08, 3.3200000000000003), (4.82, 2.35), (5.3, 1.46), (6.0600000000000005, 0.81), (6.5, 0.4)]
[(1.11, 1.58), (1.11, 1.58), (1.59, 2.47), (2.11, 3.33), (3.11, 3.2800000000000002), (3.61, 3.25)]
[(4.61, 3.14), (4.61, 3.14), (3.61, 3.22), (2.61, 3.31), (1.82, 2.69), (1.53, 1.73), (1.41, 1.34)]
[(3.84, 3.04), (3.84, 3.04), (2.86, 3.2800000000000002), (1.9100000000000001, 2.96), (1.84, 1.96), (1.79, 1.16)]
[(1.5, 3.39), (1.5, 3.39), (2.5, 3.31), (3.49, 3.14), (3.99, 2.27), (4.13, 2.02)]
[(1.73, 2.41), (1.73, 2.41), (2.13, 3.34), (3.0700000000000003, 3.69), (4.01, 4.05), (4.95, 4.4), (5.39, 5.01)]
[(2.63, 3.72), (2.63, 3.72), (3.47, 3.16), (3.59, 2.16), (3.5500000000000003, 1.51)]
[(2.58, 4.13), (2.58, 4.13), (3.2600000000000002, 3.39), (3.7600000000000002, 2.52), (4.03, 1.84)]
[(3.58, 3.62), (3.58, 3.62), (2.59, 3.43), (1.86, 2.74), (1.84, 2.62)]
[(1.71, 2.81), (1.71, 2.81), (2.5500000000000003, 3.36), (2.94, 3.37)]
[(1.3900000000000001, 1.9000000000000001), (1.3900000000000001, 1.9000000000000001), (1.8, 2.82), (2.68, 3.3000000000000003), (3.65, 3.02), (4.41, 2.35), (5.12, 1.6400000000000001), (5.96, 1.08), (6.84, 0.59), (6.92, 0.54)]
[(1.3900000000000001, 3.7), (1.3900000000000001, 3.7), (2.37, 3.46), (3.35, 3.23), (3.87, 2.37), (4.01, 2.08)]
[(5.6000000000000005, 0.97), (5.6000000000000005, 0.97), (4.9, 1.69), (4.2, 2.41), (3.5, 3.13), (2.5100000000000002, 3.3200000000000003), (1.72, 2.7), (1.69, 2.64)]
[(5.12, 0.98), (5.12, 0.98), (4.51, 1.79), (3.9, 2.6), (3.14, 3.2600000000000002), (2.14, 3.34), (1.54, 2.5300000000000002), (1.09, 1.84)]
[(4.67, 3.92), (4.67, 3.92), (4.75, 2.92), (4.92, 1.93), (5.73, 1.33), (6.71, 1.1), (7.03, 1.03)]
[(1.47, 3.3200000000000003), (1.47, 3.3200000000000003), (2.47, 3.3200000000000003), (3.46, 3.17), (4.14, 2.43), (4.82, 1.68), (5.4, 1.04)]
[(4.58, 0.91), (4.58, 0.91), (4.14, 1.82), (3.71, 2.73), (2.86, 3.27), (2.8000000000000003, 3.27)]
[(6.22, 0.81), (6.22, 0.81), (5.4, 1.3900000000000001), (4.61, 2.02), (3.9, 2.73), (3.0500000000000003, 3.27), (2.05, 3.34), (1.67, 3.34)]
