[(4.0600000000000005, 0.49), (4.0600000000000005, 0.49), (3.86, 1.47), (3.8000000000000003, 2.47), (3.3000000000000003, 3.35), (2.9, 4.2700000000000005), (2.69, 5.25), (2.64, 5.48)]
[(1.43, 2.61), (1.43, 2.61), (2.23, 3.23), (2.2600000000000002, 4.23), (1.56, 4.95), (1.31, 5.2)]
[(2.25, 1.1300000000000001), (2.25, 1.1300000000000001), (2.42, 2.12), (3.13, 2.83), (3.8200000000000003, 2.1), (4.14, 1.1400000000000001), (4.39, 0.79)]
[(1.32, 0.75), (1.32, 0.75), (1.67, 1.69), (2.0300000000000002, 2.63), (2.32, 3.59), (2.41, 4.59), (2.5100000000000002, 5.59), (2.61, 6.59), (2.62, 6.72)]
[(1.7, 2.56), (1.7, 2.56), (2.29, 3.37), (2.15, 4.37), (1.53, 5.16), (1.45, 5.26)]
[(2.54, 2.84), (2.54, 2.84), (3.54, 2.83), (3.83, 1.87), (4.41, 1.19)]
[(2.11, 2.0), (2.11, 2.0), (2.69, 2.82), (3.69, 2.7800000000000002), (3.7600000000000002, 1.8900000000000001)]
[(4.32, 0.64), (4.32, 0.64), (3.86, 1.53), (3.8000000000000003, 2.5300000000000002), (2.84, 2.83), (2.42, 1.92), (2.36, 0.92), (2.32, 0.35000000000000003)]
[(2.36, 4.92), (2.36, 4.92), (2.83, 4.03), (3.52, 3.29), (3.7800000000000002, 3.18)]
[(0.9, 1.52), (0.9, 1.52), (1.52, 2.31), (2.14, 3.11), (2.29, 4.1), (2.21, 5.1000000000000005), (2.13, 6.1000000000000005), (2.11, 6.42)]
[(1.27, 1.71), (1.27, 1.71), (1.81, 2.56), (2.3000000000000003, 3.44), (2.33, 4.44), (2.34, 4.63)]
[(4.3, 3.15), (4.3, 3.15), (3.3200000000000003, 3.38), (2.7, 4.17), (2.17, 5.0200000000000005), (1.6400000000000001, 5.87), (1.29, 6.8100000000000005), (0.73, 7.13)]
[(1.36, 4.83), (1.36, 4.83), (2.21, 4.3), (2.2800000000000002, 3.3000000000000003), (1.3800000000000001, 2.86), (1.05, 2.73)]
[(1.97, 4.67), (1.97, 4.67), (2.65, 3.93), (3.33, 3.19), (3.81, 2.31), (3.8200000000000003, 1.31), (3.83, 0.81)]
[(2.14, 4.79), (2.14, 4.79), (2.31, 3.8000000000000003), (1.59, 3.1), (1.11, 3.04)]
[(1.26, 1.43), (1.26, 1.43), (1.74, 2.31), (2.22, 3.2), (2.31, 4.2), (2.3000000000000003, 5.2), (2.3000000000000003, 6.21), (2.3000000000000003, 6.88)]
[(3.0500000000000003, 5.5200000000000005), (3.0500000000000003, 5.5200000000000005), (3.0100000000000002, 4.5200000000000005), (3.09, 3.52), (3.73, 2.75), (3.83, 1.75), (4.1, 0.78), (4.19, 0.48)]
[(1.81, 4.39), (1.81, 4.39), (2.31, 3.52), (2.09, 2.54), (1.85, 1.56), (1.6400000000000001, 0.68)]
[(4.1, 2.75), (4.1, 2.75), (3.31, 3.37), (2.83, 4.25), (2.52, 5.21), (2.21, 6.17), (2.0, 6.8100000000000005)]
[(1.75, 6.69), (1.75, 6.69), (1.96, 5.71), (2.17, 4.73), (2.31, 3.73), (2.07, 2.75), (2.0300000000000002, 2.66)]
[(1.21, 2.44), (1.21, 2.44), (2.18, 2.69), (3.18, 2.83), (3.83, 2.07), (4.29, 1.18), (4.58, 0.98)]
[(1.04, 2.89), (1.04, 2.89), (2.02, 3.14), (2.29, 4.11), (2.06, 5.09), (1.81, 6.0600000000000005), (1.59, 6.95)]
[(1.8900000000000001, 4.99), (1.8900000000000001, 4.99), (2.29, 4.07), (2.19, 3.0700000000000003), (1.83, 2.13), (1.79, 2.02)]
[(4.7, 0.47000000000000003), (4.7, 0.47000000000000003), (4.07, 1.25), (3.8000000000000003, 2.22), (3.43, 3.15), (2.89, 4.0), (2.52, 4.93), (2.49, 5.0)]
[(2.2, 4.3100000000000005), (2.2, 4.3100000000000005), (2.91, 3.59), (3.61, 2.87), (3.7, 1.87), (3.67, 1.67)]
[(2.25, 2.6), (2.25, 2.6), (3.23, 2.84), (3.8000000000000003, 2.0100000000000002), (3.79, 1.09)]
[(1.8, 0.47000000000000003), (1.8, 0.47000000000000003), (1.97, 1.46), (2.14, 2.45), (2.3000000000000003, 3.44), (2.19, 4.44), (1.84, 5.38), (1.48, 6.32), (0.9500000000000001, 7.18), (0.79, 7.26)]
[(1.8, 2.4), (1.8, 2.4), (2.27, 3.29), (2.22, 4.29), (1.45, 4.4)]
[(4.63, 0.45), (4.63, 0.45), (4.04, 1.27), (3.81, 2.25), (3.52, 3.21), (3.52, 3.21)]
[(1.12, 2.45), (1.12, 2.45), (1.95, 3.0300000000000002), (2.3000000000000003, 3.97), (2.0100000000000002, 4.93), (1.6500000000000001, 5.87), (1.3, 6.8100000000000005), (0.98, 7.15)]
[(2.46, 0.38), (2.46, 0.38), (2.42, 1.3800000000000001), (2.47, 2.38), (3.36, 2.84), (3.81, 1.94), (3.83, 0.9400000000000001), (3.84, 0.51)]
[(1.76, 1.3800000000000001), (1.76, 1.3800000000000001), (2.2600000000000002, 2.25), (3.08, 2.83), (3.95, 2.75)]
[(4.55, 0.42), (4.55, 0.42), (4.0200000000000005, 1.27), (3.81, 2.25), (3.46, 3.19), (3.0, 4.08), (2.96, 5.08), (2.91, 6.08), (2.87, 7.08), (2.86, 7.21)]
[(2.09, 4.76), (2.09, 4.76), (2.31, 3.7800000000000002), (1.9100000000000001, 2.85), (1.26, 2.08), (1.11, 1.9000000000000001)]
[(4.65, 1.04), (4.65, 1.04), (3.83, 1.62), (3.8000000000000003, 2.62), (3.66, 3.13)]
[(4.07, 2.66), (4.07, 2.66), (3.83, 1.68), (4.2700000000000005, 0.77), (4.5, 0.33)]
[(3.93, 0.63), (3.93, 0.63), (3.83, 1.6300000000000001), (3.8000000000000003, 2.63), (3.21, 3.44), (2.98, 4.42), (2.94, 5.42), (2.89, 6.42), (2.86, 6.99)]
[(2.21, 2.77), (2.21, 2.77), (3.21, 2.83), (3.8200000000000003, 2.0300000000000002), (4.18, 1.19)]
[(3.8200000000000003, 0.9400000000000001), (3.8200000000000003, 0.9400000000000001), (3.81, 1.94), (3.37, 2.84), (2.41, 2.5300000000000002), (1.86, 1.68), (1.31, 0.84), (1.17, 0.62)]
[(1.6400000000000001, 6.12), (1.6400000000000001, 6.12), (2.13, 5.24), (2.63, 4.36), (3.12, 3.48), (3.7600000000000002, 2.71), (3.83, 1.71), (4.25, 0.8), (4.48, 0.36)]
[(2.29, 6.84), (2.29, 6.84), (2.3000000000000003, 5.84), (2.3000000000000003, 4.83), (2.31, 3.83), (2.18, 2.83), (1.97, 1.85), (1.85, 1.31)]
[(1.28, 7.26), (1.28, 7.26), (1.59, 6.3), (1.9100000000000001, 5.34), (2.22, 4.38), (2.3000000000000003, 3.38), (2.15, 2.39), (2.0100000000000002, 1.3900000000000001), (1.96, 1.07)]
[(1.6500000000000001, 7.26), (1.6500000000000001, 7.26), (1.85, 6.28), (2.05, 5.3), (2.2600000000000002, 4.32), (2.3000000000000003, 3.3200000000000003), (2.2600000000000002, 2.32), (2.21, 1.32), (2.19, 0.84)]
[(2.32, 3.89), (2.32, 3.89), (3.1, 3.2600000000000002), (3.8000000000000003, 2.54), (3.8000000000000003, 1.53), (3.8000000000000003, 0.87)]
[(2.25, 4.46), (2.25, 4.46), (2.31, 3.46), (1.9000000000000001, 2.54), (1.4000000000000001, 1.6600000000000001), (1.24, 1.3900000000000001)]
[(1.55, 1.54), (1.55, 1.54), (2.19, 2.31), (3.0500000000000003, 2.83), (3.81, 2.18), (3.8200000000000003, 1.18), (3.83, 0.71)]
[(2.16, 0.79), (2.16, 0.79), (2.21, 1.79), (2.27, 2.79), (2.31, 3.79), (2.16, 4.78), (2.0, 5.46)]
[(1.3, 6.21), (1.3, 6.21), (1.86, 5.38), (2.42, 4.55), (2.98, 3.72), (3.7800000000000002, 3.11), (4.17, 2.89)]
[(4.7, 1.21), (4.7, 1.21), (3.81, 1.69), (3.7800000000000002, 2.69), (3.09, 3.43), (2.4, 4.16), (1.71, 4.89), (1.45, 5.17)]
[(3.7600000000000002, 1.16), (3.7600000000000002, 1.16), (3.79, 2.16), (3.04, 2.83), (2.41, 2.05), (2.25, 1.06), (2.25, 1.03)]
[(0.6, 7.19), (0.6, 7.19), (1.43, 6.63), (1.9100000000000001, 5.74), (2.38, 4.8500000000000005), (2.86, 3.97), (3.45, 3.16), (4.04, 2.5)]
[(3.4, 3.27), (3.4, 3.27), (2.5500000000000003, 2.74), (2.41, 1.74), (2.32, 0.74), (2.3000000000000003, 0.53)]
[(1.97, 1.17), (1.97, 1.17), (2.31, 2.12), (2.96, 2.89), (3.06, 2.91)]
[(1.79, 6.43), (1.79, 6.43), (2.0, 5.45), (2.22, 4.47), (2.31, 3.47), (2.05, 2.5), (1.77, 1.53), (1.5, 0.56), (1.43, 0.33)]
[(2.24, 5.05), (2.24, 5.05), (2.29, 4.05), (2.18, 3.0500000000000003), (1.8900000000000001, 2.32)]
[(2.07, 1.49), (2.07, 1.49), (2.42, 2.43), (3.33, 2.86), (3.89, 2.89)]
[(1.28, 2.25), (1.28, 2.25), (1.98, 2.97), (2.3000000000000003, 3.92), (2.13, 4.91), (1.9100000000000001, 5.89), (1.69, 6.87), (1.69, 6.890000000000001)]
[(3.85, 2.5100000000000002), (3.85, 2.5100000000000002), (2.9, 2.83), (2.43, 1.94), (2.42, 0.9400000000000001), (2.42, 0.38)]
[(4.38, 0.61), (4.38, 0.61), (3.88, 1.49), (3.8000000000000003, 2.49), (3.2800000000000002, 3.35), (2.73, 4.19), (2.25, 5.08), (1.77, 5.97), (1.29, 6.86), (0.88, 7.21)]
[(2.22, 4.57), (2.22, 4.57), (2.31, 3.5700000000000003), (1.6600000000000001, 2.8000000000000003), (1.03, 2.33)]
[(2.59, 5.67), (2.59, 5.67), (2.8000000000000003, 4.69), (3.0100000000000002, 3.71), (3.87, 3.19), (4.01, 3.14)]
[(1.17, 2.12), (1.17, 2.12), (2.08, 2.54), (3.04, 2.83), (3.81, 2.19), (3.98, 1.2), (4.2, 0.55)]
[(1.43, 1.17), (1.43, 1.17), (1.8, 2.1), (2.17, 3.0300000000000002), (2.4, 4.01), (2.57, 5.0), (2.73, 5.99), (2.9, 6.98), (2.93, 7.15)]
[(2.5300000000000002, 7.15), (2.5300000000000002, 7.15), (2.67, 6.15), (2.81, 5.15), (2.95, 4.15), (3.2800000000000002, 3.2), (3.8000000000000003, 2.34), (3.79, 1.9100000000000001)]
[(3.0300000000000002, 3.4), (3.0300000000000002, 3.4), (3.7600000000000002, 2.71), (3.83, 1.71), (4.57, 1.03), (4.63, 0.99)]
[(4.08, 0.41000000000000003), (4.08, 0.41000000000000003), (3.88, 1.3900000000000001), (3.8000000000000003, 2.39), (3.36, 3.29), (3.02, 4.24), (3.02, 4.7700000000000005)]
[(4.33, 3.0300000000000002), (4.33, 3.0300000000000002), (3.38, 3.36), (2.77, 4.16), (2.31, 5.05), (1.85, 5.95), (1.4000000000000001, 6.8500000000000005), (1.29, 7.0600000000000005)]
[(1.28, 4.87), (1.28, 4.87), (2.14, 4.34), (2.29, 3.35), (1.92, 2.41), (1.55, 1.48), (1.18, 0.55), (1.16, 0.51)]
[(1.53, 5.87), (1.53, 5.87), (2.09, 5.04), (2.65, 4.21), (3.23, 3.38), (3.8200000000000003, 2.57), (3.85, 1.57), (4.79, 1.22), (4.86, 1.21)]
[(3.8000000000000003, 2.07), (3.8000000000000003, 2.07), (4.3500000000000005, 1.23), (4.69, 1.08)]
[(3.85, 3.0700000000000003), (3.85, 3.0700000000000003), (3.0300000000000002, 3.65), (2.69, 4.6000000000000005), (2.35, 5.55), (2.24, 5.8500000000000005)]
[(1.93, 6.99), (1.93, 6.99), (2.06, 5.99), (2.18, 4.99), (2.3000000000000003, 3.99), (2.29, 2.99), (2.23, 1.99), (2.18, 0.99), (2.15, 0.51)]
[(1.59, 5.19), (1.59, 5.19), (2.17, 4.37), (2.3000000000000003, 3.37), (1.68, 2.74)]
[(4.17, 2.57), (4.17, 2.57), (3.42, 3.25), (3.0, 4.16), (2.97, 5.16), (2.93, 6.16), (2.92, 6.58)]
[(2.77, 3.58), (2.77, 3.58), (3.5300000000000002, 2.92), (3.8200000000000003, 1.96), (3.99, 0.97), (4.07, 0.63)]
[(4.25, 0.52), (4.25, 0.52), (3.89, 1.46), (3.8000000000000003, 2.46), (3.23, 3.29), (2.66, 3.9)]
[(1.99, 5.67), (1.99, 5.67), (2.19, 4.68), (2.31, 3.68), (1.6, 2.96), (1.59, 2.96)]
[(0.84, 7.19), (0.84, 7.19), (1.45, 6.390000000000001), (1.81, 5.45), (2.16, 4.51), (2.31, 3.52), (2.29, 3.3200000000000003)]
[(3.96, 3.29), (3.96, 3.29), (3.02, 3.66), (2.5300000000000002, 4.54), (2.04, 5.42), (1.7, 6.0200000000000005)]
[(2.0, 6.5200000000000005), (2.0, 6.5200000000000005), (2.12, 5.5200000000000005), (2.24, 4.5200000000000005), (2.31, 3.52), (2.14, 2.5300000000000002), (1.96, 1.54), (1.78, 0.55), (1.78, 0.53)]
[(2.11, 1.51), (2.11, 1.51), (2.21, 2.5100000000000002), (2.31, 3.5100000000000002), (2.13, 4.5), (1.68, 5.4), (1.35, 6.05)]
[(2.05, 6.55), (2.05, 6.55), (2.15, 5.55), (2.25, 4.55), (2.31, 3.5500000000000003), (1.67, 2.77), (1.27, 2.44)]
[(1.6, 2.84), (1.6, 2.84), (2.31, 3.5500000000000003), (2.31, 4.5600000000000005), (2.31, 5.22)]
[(1.98, 6.37), (1.98, 6.37), (2.12, 5.37), (2.2600000000000002, 4.37), (2.3000000000000003, 3.37), (1.6500000000000001, 2.69)]
[(2.18, 2.5500000000000003), (2.18, 2.5500000000000003), (2.31, 3.5500000000000003), (2.17, 4.55), (1.87, 5.51), (1.57, 6.47), (1.3900000000000001, 7.04)]
[(4.75, 1.09), (4.75, 1.09), (3.86, 1.55), (3.8000000000000003, 2.5500000000000003), (3.13, 3.2800000000000002)]
[(4.62, 0.87), (4.62, 0.87), (3.86, 1.54), (3.8000000000000003, 2.54), (3.2600000000000002, 3.39), (2.7800000000000002, 4.2700000000000005), (2.4, 5.2), (2.02, 6.13), (1.76, 6.76)]
[(3.74, 2.22), (3.74, 2.22), (2.94, 2.83), (2.23, 2.12), (1.77, 1.22), (1.58, 0.84)]
[(1.43, 0.73), (1.43, 0.73), (1.92, 1.61), (2.41, 2.49), (3.23, 3.0700000000000003), (3.58, 3.22)]
[(4.18, 3.15), (4.18, 3.15), (3.22, 3.44), (2.91, 4.4), (2.7600000000000002, 5.39), (2.63, 6.2)]
[(1.78, 2.2), (1.78, 2.2), (2.19, 3.12), (2.29, 4.12), (2.0300000000000002, 4.94)]
[(2.35, 0.78), (2.35, 0.78), (2.34, 1.78), (2.32, 2.7800000000000002), (2.31, 3.7800000000000002), (2.18, 4.78), (2.0, 5.7700000000000005), (1.82, 6.76), (1.76, 7.11)]
[(1.49, 1.9100000000000001), (1.49, 1.9100000000000001), (1.99, 2.79), (2.31, 3.74), (2.08, 4.72), (1.72, 5.66), (1.4000000000000001, 6.49)]
[(1.97, 6.63), (1.97, 6.63), (2.1, 5.63), (2.23, 4.63), (2.31, 3.63), (2.06, 2.66), (1.73, 1.71), (1.46, 0.9400000000000001)]
[(0.84, 7.3500000000000005), (0.84, 7.3500000000000005), (1.3, 6.46), (1.3800000000000001, 5.46), (1.42, 4.97)]
[(3.93, 2.43), (3.93, 2.43), (3.0100000000000002, 2.83), (2.15, 2.31), (1.46, 1.57), (1.1300000000000001, 1.22)]
[(1.1300000000000001, 0.97), (1.1300000000000001, 0.97), (1.57, 1.87), (2.0100000000000002, 2.77), (2.31, 3.73), (2.09, 4.71), (1.74, 5.65), (1.3800000000000001, 6.59), (0.98, 7.12)]
[(1.24, 2.46), (1.24, 2.46), (2.04, 3.08), (2.44, 4.01), (2.65, 4.99), (2.67, 5.09)]
[(1.51, 2.37), (1.51, 2.37), (2.45, 2.73), (3.45, 2.84), (3.71, 2.13)]
[(1.16, 1.92), (1.16, 1.92), (2.02, 2.44), (2.95, 2.83), (3.81, 2.31), (3.96, 1.32), (4.4, 0.42), (4.44, 0.33)]
