[(1.27, 7.95), (1.27, 7.95), (1.56, 6.99), (1.85, 6.03), (2.15, 5.07), (2.44, 4.11), (2.45, 3.11), (1.73, 2.74)]
[(2.83, 4.96), (2.83, 4.96), (2.63, 3.98), (2.4, 3.0), (1.81, 2.19), (1.78, 1.81)]
[(1.43, 2.5), (1.43, 2.5), (2.33, 2.94), (2.49, 3.93), (2.0, 4.8100000000000005), (1.67, 5.37)]
[(2.09, 6.07), (2.09, 6.07), (2.2800000000000002, 5.08), (2.46, 4.09), (2.45, 3.09), (1.83, 2.8000000000000003)]
[(0.63, 6.22), (0.63, 6.22), (1.27, 5.45), (1.92, 4.68), (2.49, 3.85), (2.27, 2.87), (1.73, 2.02), (1.69, 1.87)]
[(2.48, 3.69), (2.48, 3.69), (1.67, 4.28), (0.92, 4.43)]
[(2.71, 6.74), (2.71, 6.74), (2.64, 5.74), (2.56, 4.74), (2.49, 3.74), (2.17, 2.7800000000000002), (1.62, 2.17)]
[(0.88, 4.24), (0.88, 4.24), (1.8800000000000001, 4.18), (2.47, 3.37), (1.87, 2.56), (1.33, 2.13)]
[(0.55, 7.46), (0.55, 7.46), (1.04, 6.58), (1.53, 5.7), (2.02, 4.82), (2.49, 3.93), (2.34, 2.94), (1.84, 2.62)]
[(2.61, 7.44), (2.61, 7.44), (2.58, 6.44), (2.5500000000000003, 5.44), (2.5100000000000002, 4.44), (2.47, 3.44), (1.95, 2.57), (1.6600000000000001, 1.9000000000000001)]
[(2.98, 6.88), (2.98, 6.88), (2.92, 5.88), (2.87, 4.88), (2.88, 3.88), (3.13, 2.91), (3.21, 2.62)]
[(2.18, 6.5600000000000005), (2.18, 6.5600000000000005), (2.3000000000000003, 5.5600000000000005), (2.41, 4.5600000000000005), (2.48, 3.56), (1.96, 2.69), (1.44, 2.36)]
[(1.56, 6.92), (1.56, 6.92), (1.86, 5.96), (2.16, 5.0), (2.46, 4.04), (2.43, 3.04), (1.5, 2.65), (1.33, 2.61)]
[(1.75, 7.62), (1.75, 7.62), (1.95, 6.640000000000001), (2.15, 5.65), (2.34, 4.66), (2.49, 3.67), (1.94, 2.83), (1.36, 2.81)]
[(1.1300000000000001, 4.9), (1.1300000000000001, 4.9), (1.98, 4.36), (2.48, 3.49), (2.46, 3.1)]
[(0.73, 4.67), (0.73, 4.67), (1.69, 4.36), (2.59, 3.91), (3.22, 3.3000000000000003)]
[(0.99, 6.95), (0.99, 6.95), (1.44, 6.05), (1.9000000000000001, 5.15), (2.35, 4.25), (2.46, 3.25), (1.84, 2.45), (1.6600000000000001, 1.6400000000000001)]
[(1.48, 2.09), (1.48, 2.09), (2.19, 2.8000000000000003), (2.49, 3.7600000000000002), (2.32, 4.75), (2.11, 5.73), (1.8900000000000001, 6.71), (1.68, 7.69), (1.6600000000000001, 7.79)]
[(1.93, 6.73), (1.93, 6.73), (2.13, 5.75), (2.32, 4.76), (2.49, 3.77), (2.2, 2.81), (1.68, 1.95), (1.53, 1.51)]
[(1.3800000000000001, 7.37), (1.3800000000000001, 7.37), (1.69, 6.41), (2.0, 5.45), (2.31, 4.49), (2.48, 3.5), (2.46, 2.65)]
[(2.69, 2.54), (2.69, 2.54), (2.5500000000000003, 3.54), (1.87, 4.28), (1.77, 4.3100000000000005)]
[(0.87, 5.4), (0.87, 5.4), (1.6300000000000001, 4.75), (2.39, 4.1), (2.45, 3.1), (1.73, 2.39), (1.57, 2.24)]
[(1.69, 7.84), (1.69, 7.84), (1.8900000000000001, 6.86), (2.09, 5.88), (2.29, 4.9), (2.49, 3.92), (2.33, 2.93), (2.0100000000000002, 2.84)]
[(1.47, 2.7600000000000002), (1.47, 2.7600000000000002), (2.43, 3.04), (2.56, 4.04), (2.67, 5.04), (2.75, 5.73)]
[(1.6, 2.35), (1.6, 2.35), (2.38, 2.98), (2.48, 3.98), (1.96, 4.84), (1.62, 5.4)]
[(2.1, 6.9), (2.1, 6.9), (2.23, 5.9), (2.36, 4.9), (2.49, 3.9), (2.34, 2.9), (2.21, 2.69)]
[(2.17, 6.98), (2.17, 6.98), (2.27, 5.98), (2.38, 4.98), (2.48, 3.98), (2.38, 2.98), (1.79, 2.17), (1.77, 2.04)]
[(1.47, 2.21), (1.47, 2.21), (2.24, 2.86), (2.49, 3.83), (2.0300000000000002, 4.72), (1.49, 5.57), (1.17, 6.09)]
[(1.6600000000000001, 5.63), (1.6600000000000001, 5.63), (2.11, 4.73), (2.49, 3.8000000000000003), (2.22, 2.83), (1.6400000000000001, 2.0100000000000002), (1.45, 1.58)]
[(1.68, 6.57), (1.68, 6.57), (1.98, 5.61), (2.27, 4.65), (2.49, 3.67), (2.09, 2.75), (1.44, 2.24)]
[(2.66, 8.05), (2.66, 8.05), (2.62, 7.05), (2.58, 6.05), (2.54, 5.05), (2.5, 4.05), (2.43, 3.0500000000000003), (1.74, 2.32), (1.56, 2.09)]
[(1.79, 2.73), (1.79, 2.73), (2.47, 3.47), (2.49, 4.47), (2.49, 5.48), (2.48, 6.48), (2.48, 7.49), (2.48, 7.890000000000001)]
[(1.3800000000000001, 2.62), (1.3800000000000001, 2.62), (2.34, 2.94), (2.49, 3.93), (2.43, 4.93), (2.38, 5.93), (2.34, 6.61)]
[(2.86, 5.67), (2.86, 5.67), (2.7, 4.68), (2.5500000000000003, 3.69), (2.15, 2.7600000000000002), (1.8, 2.34)]
[(2.23, 4.59), (2.23, 4.59), (2.48, 3.62), (2.2, 2.72)]
[(2.49, 4.93), (2.49, 4.93), (2.49, 3.92), (2.33, 2.93), (1.73, 2.12), (1.51, 1.44)]
[(1.3900000000000001, 2.61), (1.3900000000000001, 2.61), (2.34, 2.94), (2.49, 3.93), (2.24, 4.9), (1.98, 5.87), (1.73, 6.84), (1.47, 7.8100000000000005), (1.3900000000000001, 8.13)]
[(1.37, 2.63), (1.37, 2.63), (2.33, 2.94), (2.49, 3.93), (2.5, 4.93), (2.5100000000000002, 5.93), (2.5100000000000002, 6.94), (2.52, 7.6000000000000005)]
[(2.71, 8.040000000000001), (2.71, 8.040000000000001), (2.66, 7.04), (2.61, 6.04), (2.56, 5.04), (2.5100000000000002, 4.04), (2.43, 3.04), (1.6300000000000001, 2.79)]
[(0.9500000000000001, 7.0600000000000005), (0.9500000000000001, 7.0600000000000005), (1.4000000000000001, 6.16), (1.84, 5.26), (2.29, 4.36), (2.47, 3.37), (1.71, 2.71), (1.44, 2.63)]
[(1.45, 2.59), (1.45, 2.59), (2.38, 2.98), (2.5, 3.98), (2.56, 4.94)]
[(2.59, 2.95), (2.59, 2.95), (2.49, 3.95), (1.71, 4.58), (1.04, 5.05)]
[(1.54, 1.85), (1.54, 1.85), (2.09, 2.7), (2.48, 3.63), (2.04, 4.54), (1.92, 4.69)]
[(1.3900000000000001, 4.98), (1.3900000000000001, 4.98), (2.15, 4.32), (2.47, 3.37), (1.8800000000000001, 2.73)]
[(1.36, 2.58), (1.36, 2.58), (2.31, 2.92), (2.49, 3.91), (2.52, 4.91), (2.54, 5.91), (2.56, 6.91), (2.59, 7.91), (2.59, 8.0)]
[(1.62, 5.62), (1.62, 5.62), (2.09, 4.73), (2.49, 3.81), (2.23, 2.84), (1.54, 2.21)]
[(1.82, 1.83), (1.82, 1.83), (2.3000000000000003, 2.72), (2.52, 2.82)]
[(1.8, 2.04), (1.8, 2.04), (2.31, 2.91), (2.49, 3.9), (1.92, 4.73), (1.31, 5.53), (1.29, 5.5600000000000005)]
[(2.85, 3.0100000000000002), (2.85, 3.0100000000000002), (2.49, 3.95), (1.68, 4.54), (0.87, 5.03)]
[(2.48, 7.72), (2.48, 7.72), (2.48, 6.71), (2.49, 5.71), (2.49, 4.7), (2.49, 3.69), (1.97, 2.83), (1.48, 2.7800000000000002)]
[(1.6500000000000001, 2.33), (1.6500000000000001, 2.33), (2.4, 3.0), (2.64, 3.98), (2.86, 4.96), (2.86, 4.96)]
[(2.92, 3.24), (2.92, 3.24), (2.4, 4.1), (1.42, 4.3100000000000005), (1.17, 4.36)]
[(1.37, 2.35), (1.37, 2.35), (2.23, 2.87), (2.49, 3.84), (2.2800000000000002, 4.82), (2.0300000000000002, 5.8), (1.79, 6.78), (1.57, 7.68)]
[(1.56, 1.57), (1.56, 1.57), (1.9000000000000001, 2.52), (2.46, 3.35), (2.2800000000000002, 4.34), (2.14, 4.58)]
[(1.49, 1.98), (1.49, 1.98), (2.14, 2.75), (2.48, 3.7), (2.41, 4.7), (2.29, 5.7), (2.22, 6.29)]
[(0.86, 5.47), (0.86, 5.47), (1.61, 4.8), (2.36, 4.13), (2.63, 3.16), (2.7600000000000002, 2.47)]
[(1.45, 7.4), (1.45, 7.4), (1.74, 6.44), (2.0300000000000002, 5.48), (2.32, 4.5200000000000005), (2.48, 3.5300000000000002), (2.02, 2.63), (1.67, 2.2)]
[(2.5500000000000003, 4.8), (2.5500000000000003, 4.8), (2.49, 3.8000000000000003), (2.22, 2.83), (1.6300000000000001, 2.02), (1.59, 1.95)]
[(1.31, 6.3100000000000005), (1.31, 6.3100000000000005), (1.76, 5.41), (2.22, 4.51), (2.48, 3.54), (2.0300000000000002, 2.64), (1.82, 1.6600000000000001), (1.82, 1.54)]
[(2.77, 4.92), (2.77, 4.92), (2.6, 3.93), (2.35, 2.95), (1.3900000000000001, 2.64), (1.36, 2.63)]
[(1.6300000000000001, 2.8000000000000003), (1.6300000000000001, 2.8000000000000003), (2.46, 3.36), (2.37, 4.36), (2.09, 5.33), (1.8, 6.3), (1.52, 7.2700000000000005), (1.49, 7.37)]
[(1.52, 2.29), (1.52, 2.29), (2.31, 2.92), (2.49, 3.91), (2.52, 4.91), (2.5500000000000003, 5.91), (2.58, 6.91), (2.6, 7.55)]
[(1.72, 2.15), (1.72, 2.15), (2.34, 2.94), (2.49, 3.93), (2.0100000000000002, 4.82), (1.82, 5.16)]
[(1.22, 5.64), (1.22, 5.64), (1.84, 4.84), (2.45, 4.04), (2.7600000000000002, 3.08), (2.91, 2.62)]
[(1.55, 5.46), (1.55, 5.46), (2.09, 4.61), (2.49, 3.69), (2.11, 2.7600000000000002), (1.6300000000000001, 2.4)]
[(2.7, 6.23), (2.7, 6.23), (2.62, 5.23), (2.5300000000000002, 4.23), (2.46, 3.23), (1.6500000000000001, 2.63), (1.6400000000000001, 2.63)]
[(1.48, 1.98), (1.48, 1.98), (2.13, 2.74), (2.48, 3.68), (2.5100000000000002, 4.68), (2.5300000000000002, 5.68), (2.5500000000000003, 6.58)]
[(1.62, 2.35), (1.62, 2.35), (2.39, 2.99), (2.5500000000000003, 3.98), (2.66, 4.98), (2.77, 5.98), (2.85, 6.75)]
[(1.47, 1.62), (1.47, 1.62), (1.9100000000000001, 2.5300000000000002), (2.47, 3.37), (2.2800000000000002, 4.36), (1.8, 5.25), (1.33, 6.140000000000001), (1.07, 6.62)]
[(1.83, 1.6400000000000001), (1.83, 1.6400000000000001), (2.02, 2.63), (2.5100000000000002, 3.5100000000000002), (2.66, 4.5), (2.8000000000000003, 5.5), (2.94, 6.44)]
[(1.85, 2.8000000000000003), (1.85, 2.8000000000000003), (2.48, 3.58), (1.68, 4.19), (0.8300000000000001, 4.23)]
[(2.2600000000000002, 8.19), (2.2600000000000002, 8.19), (2.31, 7.19), (2.37, 6.19), (2.42, 5.19), (2.47, 4.19), (2.46, 3.19), (1.53, 2.8000000000000003), (1.32, 2.7800000000000002)]
[(2.77, 8.05), (2.77, 8.05), (2.8000000000000003, 7.05), (2.82, 6.05), (2.85, 5.05), (2.87, 4.05), (3.29, 3.31)]
[(1.73, 1.77), (1.73, 1.77), (2.2800000000000002, 2.61), (3.0300000000000002, 2.57)]
[(1.46, 2.66), (1.46, 2.66), (2.41, 3.0100000000000002), (2.47, 4.01), (1.94, 4.86), (1.53, 5.51)]
[(1.71, 5.54), (1.71, 5.54), (2.15, 4.64), (2.49, 3.69), (2.09, 2.77), (1.43, 2.31)]
[(1.72, 2.5500000000000003), (1.72, 2.5500000000000003), (2.46, 3.23), (2.31, 4.22), (1.74, 4.92)]
[(1.62, 5.36), (1.62, 5.36), (2.15, 4.51), (2.56, 3.59), (2.7600000000000002, 2.68)]
[(1.61, 1.55), (1.61, 1.55), (1.8900000000000001, 2.5100000000000002), (2.46, 3.34), (2.35, 4.34), (2.0100000000000002, 5.29), (1.86, 5.71)]
[(0.88, 4.84), (0.88, 4.84), (1.79, 4.4), (2.49, 3.68), (1.94, 2.84), (1.35, 2.85)]
[(2.71, 2.86), (2.71, 2.86), (2.5100000000000002, 3.84), (1.8, 4.55), (1.0, 5.16), (0.77, 5.33)]
[(3.0300000000000002, 7.41), (3.0300000000000002, 7.41), (2.88, 6.42), (2.74, 5.42), (2.59, 4.43), (2.47, 3.43), (1.95, 2.57), (1.56, 1.74)]
[(2.49, 2.73), (2.49, 2.73), (2.49, 3.74), (2.0300000000000002, 4.63), (1.61, 5.22)]
[(0.61, 6.09), (0.61, 6.09), (1.29, 5.34), (1.96, 4.59), (2.49, 3.74), (2.17, 2.83)]
[(2.91, 6.53), (2.91, 6.53), (2.7600000000000002, 5.54), (2.61, 4.55), (2.48, 3.5500000000000003), (2.1, 2.64)]
[(1.4000000000000001, 6.68), (1.4000000000000001, 6.68), (1.77, 5.75), (2.14, 4.82), (2.49, 3.88), (2.29, 2.89), (1.58, 2.18), (1.53, 2.13)]
[(1.56, 2.18), (1.56, 2.18), (2.2800000000000002, 2.88), (2.49, 3.86), (1.57, 4.2700000000000005), (1.01, 4.36)]
[(1.55, 2.44), (1.55, 2.44), (2.39, 2.99), (2.47, 3.99), (2.02, 4.89), (1.56, 5.79), (1.11, 6.69), (0.65, 7.58), (0.55, 7.78)]
[(1.74, 2.29), (1.74, 2.29), (2.42, 3.0300000000000002), (2.46, 4.03), (1.51, 4.36), (0.8, 4.55)]
[(0.92, 4.25), (0.92, 4.25), (1.92, 4.18), (2.47, 3.34), (1.8900000000000001, 2.5100000000000002), (1.44, 1.75)]
[(1.86, 1.93), (1.86, 1.93), (2.32, 2.82), (2.33, 2.83)]
[(2.79, 4.32), (2.79, 4.32), (2.52, 3.35), (1.93, 2.54), (1.6400000000000001, 2.21)]
[(2.85, 6.37), (2.85, 6.37), (2.86, 5.37), (2.86, 4.36), (3.0700000000000003, 3.38), (3.3200000000000003, 2.68)]
[(2.63, 6.62), (2.63, 6.62), (2.58, 5.62), (2.5300000000000002, 4.62), (2.48, 3.62), (1.98, 2.75), (1.42, 2.48)]
[(1.18, 5.87), (1.18, 5.87), (1.76, 5.04), (2.33, 4.21), (2.58, 3.24), (2.66, 2.5500000000000003)]
[(1.3, 4.4), (1.3, 4.4), (2.2800000000000002, 4.16), (2.95, 3.4), (3.24, 3.02)]
[(1.79, 2.0100000000000002), (1.79, 2.0100000000000002), (2.29, 2.89), (2.49, 3.87), (2.08, 4.44)]
[(1.49, 6.57), (1.49, 6.57), (1.85, 5.63), (2.21, 4.69), (2.49, 3.73), (2.12, 2.79), (1.3800000000000001, 2.29)]
[(1.5, 2.7), (1.5, 2.7), (2.44, 3.06), (2.43, 4.0600000000000005), (1.49, 4.43), (1.16, 4.54)]
[(1.32, 6.66), (1.32, 6.66), (1.72, 5.74), (2.12, 4.82), (2.49, 3.89), (2.45, 3.27)]
