[(1.6600000000000001, 0.63), (1.6600000000000001, 0.63), (1.04, 1.42), (1.23, 2.41), (1.8800000000000001, 3.17), (2.54, 3.93), (3.14, 4.74), (3.7, 5.57), (4.47, 6.21), (5.47, 6.140000000000001), (6.47, 6.07), (6.59, 6.0600000000000005)]
[(6.0, 1.87), (6.0, 1.87), (5.0, 1.93), (4.04, 2.22), (3.73, 3.18), (3.43, 4.14), (3.12, 5.1000000000000005), (2.82, 6.05)]
[(2.73, 6.8100000000000005), (2.73, 6.8100000000000005), (3.73, 6.76), (4.73, 6.7), (5.73, 6.65), (6.73, 6.59), (7.73, 6.54), (8.67, 6.18), (9.44, 5.54), (10.13, 5.01)]
[(4.14, 6.25), (4.14, 6.25), (4.03, 5.25), (4.0200000000000005, 4.25), (4.0200000000000005, 3.24), (4.05, 2.24), (5.0200000000000005, 1.97), (6.0200000000000005, 1.96), (7.0200000000000005, 1.95), (8.02, 1.93), (8.27, 1.93)]
[(9.56, 4.47), (9.56, 4.47), (9.040000000000001, 5.33), (8.52, 6.19), (7.55, 6.47), (6.55, 6.390000000000001), (5.55, 6.32), (4.55, 6.24), (3.59, 5.95), (3.0, 5.71)]
[(2.09, 6.24), (2.09, 6.24), (2.4, 5.28), (2.9, 4.86)]
[(6.13, 1.81), (6.13, 1.81), (7.13, 1.95), (8.13, 2.09), (8.65, 2.95), (8.98, 3.9), (9.15, 4.43)]
[(8.56, 1.45), (8.56, 1.45), (8.57, 2.45), (8.57, 3.46), (8.58, 4.46), (8.5, 5.46), (8.35, 6.45), (7.3500000000000005, 6.34), (6.37, 6.11), (6.07, 6.04)]
[(2.16, 6.72), (2.16, 6.72), (2.2800000000000002, 5.72), (2.82, 4.87), (2.42, 3.95), (2.02, 3.73)]
[(3.88, 0.53), (3.88, 0.53), (3.91, 1.53), (3.93, 2.5300000000000002), (3.96, 3.5300000000000002), (3.99, 4.53), (4.0200000000000005, 5.53), (4.8, 6.16), (5.76, 5.87), (5.78, 5.7700000000000005)]
[(6.78, 7.0200000000000005), (6.78, 7.0200000000000005), (5.83, 6.69), (4.83, 6.7700000000000005), (3.83, 6.86), (3.29, 6.9)]
[(8.58, 3.83), (8.58, 3.83), (8.44, 2.83), (7.79, 2.07), (6.79, 2.02), (5.79, 1.99), (4.79, 1.98), (3.95, 2.5300000000000002), (3.67, 3.5), (3.4, 4.45)]
[(10.72, 5.05), (10.72, 5.05), (9.76, 5.34), (9.06, 6.0600000000000005), (8.43, 6.84), (8.4, 6.88)]
[(9.17, 5.42), (9.17, 5.42), (8.540000000000001, 6.21), (7.6000000000000005, 6.5600000000000005), (6.6000000000000005, 6.63), (5.6000000000000005, 6.78), (5.0200000000000005, 6.87)]
[(10.71, 4.38), (10.71, 4.38), (9.950000000000001, 5.05), (9.19, 5.71), (8.43, 6.38), (7.43, 6.42), (6.43, 6.28), (5.43, 6.15), (4.65, 6.04)]
[(2.85, 6.53), (2.85, 6.53), (3.12, 5.5600000000000005), (3.38, 4.59), (3.65, 3.62), (3.92, 2.65), (4.59, 1.9000000000000001), (5.57, 1.67), (6.55, 1.44), (7.53, 1.2), (8.51, 0.97), (9.02, 0.85)]
[(9.33, 1.99), (9.33, 1.99), (8.77, 2.82), (8.58, 3.81), (8.55, 4.8100000000000005), (8.48, 5.8100000000000005), (7.86, 6.6000000000000005), (6.86, 6.640000000000001), (5.88, 6.88), (4.95, 7.28), (4.78, 7.3500000000000005)]
[(4.38, 1.56), (4.38, 1.56), (5.38, 1.7), (6.37, 1.85), (7.37, 1.99), (8.35, 2.24), (8.69, 3.19), (9.02, 4.14), (9.27, 4.86)]
[(3.39, 3.88), (3.39, 3.88), (3.68, 4.84), (3.97, 5.8100000000000005), (4.91, 6.16), (5.91, 6.04), (6.63, 5.95)]
[(5.48, 7.3100000000000005), (5.48, 7.3100000000000005), (4.72, 6.66), (4.03, 5.93), (4.03, 4.92), (4.0200000000000005, 3.92), (4.0200000000000005, 2.91), (4.03, 1.9100000000000001), (4.03, 1.82)]
[(6.98, 6.26), (6.98, 6.26), (5.98, 6.25), (4.98, 6.23), (4.03, 5.91), (4.03, 4.9), (4.0200000000000005, 3.9), (4.0200000000000005, 2.89), (4.24, 1.9100000000000001), (4.66, 1.3800000000000001)]
[(10.17, 4.5600000000000005), (10.17, 4.5600000000000005), (9.47, 5.29), (8.77, 6.01), (7.890000000000001, 6.49), (6.890000000000001, 6.42), (5.89, 6.34), (4.89, 6.2700000000000005), (3.94, 5.95), (3.8200000000000003, 5.8)]
[(8.06, 1.93), (8.06, 1.93), (8.44, 2.86), (8.56, 3.86), (8.55, 4.86), (8.47, 5.86), (7.65, 6.44), (7.26, 6.37)]
[(9.02, 3.16), (9.02, 3.16), (8.43, 2.35), (7.47, 2.05), (6.47, 2.0), (5.47, 1.99), (4.47, 1.98), (4.01, 2.36)]
[(0.6900000000000001, 3.64), (0.6900000000000001, 3.64), (1.62, 3.2600000000000002), (2.5500000000000003, 2.87), (3.47, 2.46), (4.3500000000000005, 1.98), (5.3500000000000005, 1.99), (6.3500000000000005, 2.0), (7.3500000000000005, 2.04), (8.34, 2.22), (8.540000000000001, 3.2), (8.72, 4.19), (8.73, 4.24)]
[(3.21, 6.04), (3.21, 6.04), (2.62, 5.22), (1.95, 5.82)]
[(3.31, 4.8500000000000005), (3.31, 4.8500000000000005), (3.83, 5.71), (4.71, 6.19), (5.71, 6.08), (6.71, 5.98), (7.36, 5.91)]
[(1.54, 0.75), (1.54, 0.75), (0.9500000000000001, 1.56), (1.07, 2.56), (1.34, 3.5300000000000002), (1.46, 3.96)]
[(8.97, 7.3100000000000005), (8.97, 7.3100000000000005), (8.07, 6.87), (7.08, 6.68), (6.09, 6.49), (5.1000000000000005, 6.3100000000000005), (4.11, 6.15), (3.54, 5.32), (2.98, 4.49), (2.41, 3.66), (1.85, 2.83), (1.8, 2.75)]
[(2.75, 3.44), (2.75, 3.44), (3.46, 2.72), (4.18, 2.0100000000000002), (5.18, 1.99), (6.18, 2.0), (7.18, 2.04), (8.18, 2.09), (8.66, 2.98), (9.040000000000001, 3.91), (9.15, 4.11)]
[(2.88, 3.62), (2.88, 3.62), (3.5100000000000002, 2.83), (4.14, 2.04), (5.14, 1.99), (6.140000000000001, 2.0), (7.140000000000001, 2.0300000000000002), (8.14, 2.09), (8.69, 2.93), (9.05, 3.87), (9.46, 4.34)]
[(5.0200000000000005, 1.55), (5.0200000000000005, 1.55), (6.01, 1.72), (7.0, 1.8900000000000001), (7.99, 2.06), (8.53, 2.91), (8.78, 3.88), (9.040000000000001, 4.8500000000000005), (9.19, 5.42)]
[(1.54, 2.71), (1.54, 2.71), (2.54, 2.77), (3.43, 2.31), (3.91, 1.43), (3.93, 1.37)]
[(11.56, 5.87), (11.56, 5.87), (10.66, 6.32), (9.66, 6.390000000000001), (8.66, 6.47), (7.66, 6.48), (6.66, 6.4), (5.66, 6.33), (4.66, 6.25), (3.85, 5.66), (3.58, 5.08)]
[(2.06, 3.7), (2.06, 3.7), (2.85, 3.0700000000000003), (3.64, 2.44), (4.53, 1.98), (5.53, 1.99), (6.53, 2.0), (7.53, 2.05), (8.49, 2.36), (8.66, 2.5500000000000003)]
[(1.73, 6.55), (1.73, 6.55), (2.19, 5.66), (2.93, 4.98), (3.74, 4.55)]
[(9.28, 0.44), (9.28, 0.44), (9.14, 1.44), (8.99, 2.43), (8.85, 3.43), (8.71, 4.43), (8.56, 5.42), (8.38, 6.41), (7.390000000000001, 6.57), (6.390000000000001, 6.66), (6.09, 6.9)]
[(5.29, 7.3100000000000005), (5.29, 7.3100000000000005), (6.16, 6.8), (7.140000000000001, 6.59), (8.14, 6.5200000000000005), (8.540000000000001, 5.6000000000000005), (8.68, 4.6000000000000005), (8.83, 3.61), (8.97, 2.61), (9.38, 2.0100000000000002)]
[(3.47, 4.01), (3.47, 4.01), (3.74, 4.98), (4.01, 5.95), (4.98, 6.22), (5.99, 6.22), (6.69, 6.22)]
[(8.82, 4.89), (8.82, 4.89), (8.9, 3.89), (8.97, 2.89), (9.17, 1.9000000000000001), (9.49, 0.9500000000000001), (9.56, 0.75)]
[(7.75, 6.51), (7.75, 6.51), (6.75, 6.43), (5.75, 6.3500000000000005), (4.75, 6.26), (4.03, 5.5600000000000005), (4.03, 4.55), (4.0200000000000005, 3.5500000000000003), (4.03, 2.5500000000000003), (4.33, 1.59), (4.55, 1.1400000000000001)]
[(6.09, 1.99), (6.09, 1.99), (5.09, 1.98), (4.09, 2.09), (3.97, 3.09), (3.87, 4.09), (3.7800000000000002, 5.09), (3.69, 6.09), (3.63, 6.73)]
[(4.6000000000000005, 1.83), (4.6000000000000005, 1.83), (5.6000000000000005, 1.92), (6.6000000000000005, 2.0), (7.6000000000000005, 2.05), (8.45, 2.59), (8.51, 2.83)]
[(8.92, 3.88), (8.92, 3.88), (8.72, 4.86), (8.52, 5.84), (7.79, 6.53), (6.79, 6.59), (5.79, 6.65), (4.79, 6.71), (4.66, 6.72)]
[(7.62, 1.08), (7.62, 1.08), (8.16, 1.93), (8.45, 2.89), (8.56, 3.89), (8.55, 4.89), (8.47, 5.89), (8.18, 6.8500000000000005), (8.18, 6.8500000000000005)]
[(11.41, 5.16), (11.41, 5.16), (10.5, 4.74), (9.58, 4.32), (8.89, 3.59), (8.52, 2.66), (7.71, 2.06), (6.71, 2.0100000000000002), (5.71, 1.99), (4.71, 1.98), (3.75, 2.2800000000000002), (3.56, 2.4)]
[(6.22, 1.53), (6.22, 1.53), (5.24, 1.76), (4.26, 1.98), (3.81, 2.88), (3.48, 3.8200000000000003)]
[(8.73, 4.3500000000000005), (8.73, 4.3500000000000005), (8.55, 3.36), (8.38, 2.37), (7.43, 2.05), (6.43, 1.99), (5.43, 1.93), (4.43, 1.87), (4.18, 1.86)]
[(8.18, 6.58), (8.18, 6.58), (8.97, 5.95), (9.77, 5.34), (10.75, 5.1000000000000005), (11.55, 4.91)]
[(3.5, 0.97), (3.5, 0.97), (3.84, 1.92), (4.0200000000000005, 2.91), (4.0200000000000005, 3.92), (4.0200000000000005, 4.93), (4.03, 5.93), (4.93, 6.390000000000001), (5.91, 6.62), (5.91, 6.62)]
[(1.04, 1.43), (1.04, 1.43), (1.32, 2.4), (2.24, 2.8000000000000003), (2.87, 2.89)]
[(9.4, 5.76), (9.4, 5.76), (8.56, 6.3100000000000005), (7.57, 6.46), (6.57, 6.390000000000001), (5.57, 6.32), (4.57, 6.24), (3.7600000000000002, 5.65), (3.19, 4.82), (2.6, 4.0), (1.96, 3.23), (1.31, 2.46), (0.91, 1.74)]
[(1.48, 0.48), (1.48, 0.48), (2.46, 0.72), (3.44, 0.9500000000000001), (4.42, 1.19), (5.4, 1.42), (6.38, 1.6600000000000001), (7.36, 1.8900000000000001), (8.32, 2.18), (8.77, 3.08), (9.19, 4.0), (9.97, 4.63), (10.8, 5.19), (11.32, 6.05), (11.33, 6.15)]
[(1.94, 6.2), (1.94, 6.2), (2.38, 5.3), (3.35, 5.58), (4.16, 6.19), (5.16, 6.1000000000000005), (6.15, 5.93), (6.75, 5.82)]
[(6.03, 1.83), (6.03, 1.83), (5.03, 1.9100000000000001), (4.0600000000000005, 2.16), (3.98, 2.97)]
[(4.4, 7.13), (4.4, 7.13), (4.08, 6.18), (4.03, 5.18), (4.0200000000000005, 4.18), (4.0200000000000005, 3.17), (4.05, 2.17), (4.18, 1.47)]
[(8.700000000000001, 2.56), (8.700000000000001, 2.56), (7.82, 2.07), (6.82, 2.02), (5.82, 1.99), (4.8100000000000005, 1.98), (3.92, 2.44), (3.5100000000000002, 3.36), (3.09, 4.28), (2.58, 5.15), (2.27, 6.0)]
[(9.5, 0.52), (9.5, 0.52), (8.55, 0.86), (7.5600000000000005, 1.02), (6.5600000000000005, 1.03), (5.55, 1.03), (4.55, 1.04), (3.65, 0.6), (3.44, 0.44)]
[(8.66, 6.71), (8.66, 6.71), (7.66, 6.6000000000000005), (6.66, 6.49), (5.66, 6.38), (4.66, 6.2700000000000005), (4.0, 5.51), (4.0, 5.41)]
[(2.5100000000000002, 3.99), (2.5100000000000002, 3.99), (3.15, 3.22), (3.8000000000000003, 2.45), (4.64, 1.9000000000000001), (5.62, 1.7), (6.6000000000000005, 1.5), (7.58, 1.3), (7.58, 1.3)]
[(5.2, 6.0), (5.2, 6.0), (4.22, 6.22), (3.81, 5.3), (3.73, 4.3), (3.73, 3.29), (3.73, 2.2800000000000002), (3.47, 1.31), (2.62, 0.78), (1.72, 0.44)]
[(0.9, 0.34), (0.9, 0.34), (0.91, 1.34), (1.06, 2.33), (1.69, 3.11), (2.4, 3.8200000000000003), (2.86, 4.71), (2.2800000000000002, 5.54), (2.19, 5.88)]
[(6.0600000000000005, 1.23), (6.0600000000000005, 1.23), (6.99, 1.61), (7.92, 1.98), (8.59, 2.73), (8.93, 3.68), (9.65, 4.39), (10.48, 4.96), (10.58, 5.03)]
[(7.13, 6.73), (7.13, 6.73), (6.140000000000001, 6.5600000000000005), (5.15, 6.38), (4.16, 6.19), (3.54, 5.4), (2.96, 4.58), (2.2800000000000002, 3.84), (1.43, 3.31), (1.02, 3.0500000000000003)]
[(9.5, 5.11), (9.5, 5.11), (8.85, 5.87), (8.08, 6.51), (7.08, 6.42), (6.08, 6.3500000000000005), (5.08, 6.28), (4.09, 6.13), (3.87, 5.15), (3.7, 4.16), (3.63, 3.7800000000000002)]
[(3.0, 4.21), (3.0, 4.21), (2.56, 5.12), (2.23, 5.25)]
[(8.58, 1.04), (8.58, 1.04), (7.6000000000000005, 1.25), (6.62, 1.47), (5.64, 1.68), (4.66, 1.9000000000000001), (4.03, 2.68), (4.0, 3.68), (3.98, 4.68), (3.96, 5.37)]
[(1.6400000000000001, 0.52), (1.6400000000000001, 0.52), (1.08, 1.35), (1.17, 2.35), (1.83, 3.11), (2.49, 3.87), (3.1, 4.68), (3.66, 5.51), (4.37, 6.22), (5.37, 6.17), (6.37, 6.12), (7.28, 6.08)]
[(5.23, 6.28), (5.23, 6.28), (4.23, 6.22), (4.03, 5.24), (4.0200000000000005, 4.24), (4.0200000000000005, 3.23), (4.05, 2.23), (4.8100000000000005, 1.56), (5.5, 1.06)]
[(3.73, 3.09), (3.73, 3.09), (4.0600000000000005, 2.14), (5.01, 1.81), (5.99, 1.58), (6.97, 1.35), (7.95, 1.1300000000000001), (8.24, 1.06)]
[(8.58, 3.96), (8.58, 3.96), (8.46, 2.96), (7.98, 2.08), (6.98, 2.0300000000000002), (5.98, 2.0), (4.98, 1.99), (4.01, 2.24), (3.56, 3.14), (3.36, 3.5300000000000002)]
[(2.7, 0.74), (2.7, 0.74), (3.5100000000000002, 1.33), (3.7, 2.32), (3.61, 3.3200000000000003), (3.5100000000000002, 4.32), (3.42, 5.32), (3.3200000000000003, 6.32), (3.29, 6.62)]
[(2.13, 0.72), (2.13, 0.72), (3.11, 0.93), (4.09, 1.1500000000000001), (5.07, 1.3800000000000001), (6.05, 1.6), (7.03, 1.82), (8.01, 2.05), (8.64, 2.83), (8.97, 3.7800000000000002), (9.74, 4.42), (10.620000000000001, 4.91), (11.28, 5.28)]
[(10.790000000000001, 5.32), (10.790000000000001, 5.32), (9.790000000000001, 5.3500000000000005), (8.950000000000001, 5.9), (8.15, 6.51), (7.8, 6.53)]
[(3.02, 3.52), (3.02, 3.52), (3.45, 2.61), (3.72, 1.6400000000000001), (3.52, 1.24)]
[(3.12, 6.88), (3.12, 6.88), (4.12, 6.8100000000000005), (5.12, 6.74), (6.12, 6.66), (7.12, 6.59), (8.120000000000001, 6.5200000000000005), (8.950000000000001, 5.95), (9.76, 5.3500000000000005), (10.76, 5.33), (10.91, 5.34)]
[(6.79, 2.07), (6.79, 2.07), (7.8, 2.07), (8.44, 2.84), (8.56, 3.84), (8.620000000000001, 4.84), (8.68, 5.84), (8.72, 6.58)]
[(5.67, 6.29), (5.67, 6.29), (4.67, 6.24), (3.8000000000000003, 5.72), (3.24, 4.89), (2.66, 4.07), (2.04, 3.2800000000000002), (1.79, 2.97)]
[(7.62, 1.18), (7.62, 1.18), (8.19, 2.0100000000000002), (8.66, 2.9), (9.02, 3.84), (9.870000000000001, 4.38), (10.85, 4.6000000000000005), (10.950000000000001, 4.62)]
[(7.79, 1.98), (7.79, 1.98), (6.8100000000000005, 1.76), (5.83, 1.54), (4.8500000000000005, 1.32), (3.87, 1.1), (2.89, 0.88), (1.8900000000000001, 0.87), (1.3800000000000001, 1.12)]
[(5.28, 6.3100000000000005), (5.28, 6.3100000000000005), (6.28, 6.38), (7.28, 6.45), (8.28, 6.49), (9.09, 5.89), (9.91, 5.3), (10.42, 5.16)]
[(8.94, 5.9), (8.94, 5.9), (8.14, 6.51), (7.140000000000001, 6.47), (6.140000000000001, 6.43), (5.14, 6.390000000000001), (4.37, 6.3500000000000005)]
[(8.52, 5.24), (8.52, 5.24), (8.57, 4.24), (8.49, 3.24), (8.35, 2.24), (7.41, 1.8800000000000001), (6.44, 1.62), (5.47, 1.36), (4.5, 1.1), (3.5300000000000002, 0.8200000000000001), (2.65, 0.55)]
[(1.54, 3.5700000000000003), (1.54, 3.5700000000000003), (2.4, 3.04), (3.23, 2.47), (3.75, 1.61), (3.79, 0.61), (3.79, 0.49)]
[(7.04, 6.5), (7.04, 6.5), (8.040000000000001, 6.51), (8.49, 5.61), (8.57, 4.61), (8.55, 3.61), (8.41, 2.61), (7.75, 1.85), (7.3, 1.61)]
[(3.38, 2.84), (3.38, 2.84), (3.58, 3.8200000000000003), (3.7800000000000002, 4.8), (3.98, 5.78), (4.68, 6.5), (5.13, 6.76)]
[(3.74, 3.19), (3.74, 3.19), (4.03, 2.23), (4.92, 1.77), (5.87, 1.45), (6.83, 1.1400000000000001), (6.8500000000000005, 1.1300000000000001)]
[(4.94, 6.88), (4.94, 6.88), (4.18, 6.21), (4.03, 5.22), (4.0200000000000005, 4.22), (4.0200000000000005, 3.21), (4.05, 2.21), (4.91, 1.69), (5.75, 1.32)]
[(5.97, 7.3100000000000005), (5.97, 7.3100000000000005), (6.68, 6.6000000000000005), (7.68, 6.54), (8.47, 5.91), (8.55, 4.91), (8.56, 3.91), (8.41, 3.12)]
[(4.3100000000000005, 6.9), (4.3100000000000005, 6.9), (5.3100000000000005, 6.78), (6.3100000000000005, 6.66), (6.87, 7.04)]
[(3.72, 3.11), (3.72, 3.11), (4.05, 2.16), (4.94, 1.69), (5.87, 1.3), (6.48, 1.04)]
[(0.85, 2.72), (0.85, 2.72), (1.6500000000000001, 3.33), (2.45, 3.93), (3.1, 4.69), (3.67, 5.5200000000000005), (4.39, 6.22), (5.39, 6.18), (6.13, 6.15)]
[(8.370000000000001, 1.85), (8.370000000000001, 1.85), (7.37, 1.8800000000000001), (6.37, 1.9100000000000001), (5.37, 1.94), (4.37, 1.98), (3.54, 2.54), (2.88, 3.08)]
[(9.51, 4.75), (9.51, 4.75), (8.950000000000001, 5.58), (8.39, 6.41), (7.41, 6.61), (6.41, 6.65), (6.140000000000001, 7.47)]
[(5.37, 6.18), (5.37, 6.18), (6.37, 6.3), (7.37, 6.42), (8.370000000000001, 6.43), (9.18, 5.82), (10.01, 5.25), (10.3, 5.14)]
[(1.01, 2.91), (1.01, 2.91), (2.0100000000000002, 2.83), (3.0, 2.68), (3.88, 2.19), (4.82, 1.84), (5.8, 1.6), (6.7700000000000005, 1.35), (7.75, 1.11), (8.66, 0.85)]
[(7.26, 0.96), (7.26, 0.96), (6.26, 0.99), (5.26, 1.02), (4.26, 1.03), (3.85, 0.72)]
[(3.52, 0.6900000000000001), (3.52, 0.6900000000000001), (3.72, 1.67), (3.67, 2.67), (3.5700000000000003, 3.67), (3.47, 4.67), (3.37, 5.67), (3.27, 6.65)]
[(4.61, 6.33), (4.61, 6.33), (4.03, 5.51), (4.03, 4.5), (4.0200000000000005, 3.5), (4.04, 2.5), (4.8500000000000005, 1.9100000000000001), (5.8500000000000005, 1.78), (6.8500000000000005, 1.6600000000000001), (7.57, 1.57)]
[(11.44, 5.94), (11.44, 5.94), (10.51, 6.33), (9.51, 6.41), (8.51, 6.48), (7.51, 6.47), (6.51, 6.390000000000001), (5.51, 6.32), (4.51, 6.24), (3.59, 5.83), (2.74, 5.29), (1.99, 5.97), (1.74, 6.390000000000001)]
