[(2.47, 2.5300000000000002), (2.47, 2.5300000000000002), (3.44, 2.8000000000000003), (4.41, 3.0700000000000003), (5.28, 3.5700000000000003), (5.8500000000000005, 3.92)]
[(1.72, 2.61), (1.72, 2.61), (2.71, 2.7800000000000002), (3.7, 2.95), (4.67, 3.23), (5.26, 3.73)]
[(6.66, 0.8200000000000001), (6.66, 0.8200000000000001), (5.67, 1.01), (4.69, 1.23), (3.71, 1.46), (3.15, 2.29), (3.15, 3.3000000000000003), (3.15, 4.1)]
[(2.5300000000000002, 3.42), (2.5300000000000002, 3.42), (2.89, 2.48), (3.3000000000000003, 1.56), (4.26, 1.27), (4.3100000000000005, 1.26)]
[(5.14, 3.54), (5.14, 3.54), (4.25, 3.0700000000000003), (3.3200000000000003, 3.46), (2.6, 4.17), (2.44, 4.33)]
[(5.83, 0.85), (5.83, 0.85), (4.86, 1.1300000000000001), (3.9, 1.41), (3.0300000000000002, 1.93), (2.32, 2.64), (2.13, 2.77)]
[(1.36, 3.75), (1.36, 3.75), (2.07, 3.04), (2.7800000000000002, 2.33), (3.39, 1.53), (4.36, 1.27), (5.33, 1.02), (5.95, 0.86)]
[(4.18, 1.42), (4.18, 1.42), (3.2, 1.6600000000000001), (2.72, 2.54), (2.24, 3.42), (2.0100000000000002, 3.84)]
[(6.4, 3.13), (6.4, 3.13), (5.4, 3.0100000000000002), (4.4, 2.89), (3.4, 2.77), (3.18, 1.79), (4.05, 1.29), (4.45, 1.1400000000000001)]
[(4.99, 4.53), (4.99, 4.53), (4.79, 3.5500000000000003), (3.99, 2.94), (3.15, 2.39), (3.19, 1.3900000000000001), (3.21, 0.92)]
[(5.44, 3.72), (5.44, 3.72), (4.6000000000000005, 3.16), (3.6, 3.2), (3.56, 4.04)]
[(5.59, 3.09), (5.59, 3.09), (4.59, 3.0700000000000003), (3.59, 3.22), (3.41, 4.21), (3.39, 4.33)]
[(5.72, 0.32), (5.72, 0.32), (5.05, 1.07), (4.08, 1.34), (3.18, 1.78), (3.37, 2.77), (4.34, 3.0500000000000003), (4.54, 3.12)]
[(2.7800000000000002, 3.49), (2.7800000000000002, 3.49), (3.7, 3.09), (4.7, 3.14), (4.79, 3.16)]
[(5.45, 3.74), (5.45, 3.74), (4.62, 3.17), (3.66, 2.85), (3.17, 1.97), (4.07, 1.52), (4.25, 1.52)]
[(4.69, 3.15), (4.69, 3.15), (3.73, 2.87), (3.17, 2.04), (3.92, 1.37), (4.87, 1.09)]
[(5.94, 4.29), (5.94, 4.29), (5.17, 3.64), (4.34, 3.08), (3.34, 3.0300000000000002), (2.34, 2.99), (2.12, 2.98)]
[(6.19, 3.0300000000000002), (6.19, 3.0300000000000002), (5.19, 2.94), (4.19, 2.85), (3.2, 2.65), (3.21, 1.6500000000000001), (4.16, 1.31), (4.8100000000000005, 1.12)]
[(6.2700000000000005, 0.67), (6.2700000000000005, 0.67), (5.32, 1.0), (4.37, 1.34), (3.38, 1.53), (2.86, 2.39), (2.44, 3.3000000000000003), (2.07, 4.11)]
[(4.08, 2.94), (4.08, 2.94), (3.38, 3.66), (3.17, 4.1)]
[(4.92, 4.24), (4.92, 4.24), (4.66, 3.27), (3.73, 2.87), (3.16, 2.04), (4.01, 1.51), (5.01, 1.49), (5.79, 1.52)]
[(4.37, 1.59), (4.37, 1.59), (5.3100000000000005, 1.22), (6.2700000000000005, 0.92), (6.63, 1.29)]
[(5.53, 4.3500000000000005), (5.53, 4.3500000000000005), (4.9, 3.56), (4.09, 2.97), (3.17, 2.57), (3.14, 1.77)]
[(2.59, 3.86), (2.59, 3.86), (3.42, 3.29), (4.4, 3.08), (4.78, 4.01), (4.7700000000000005, 4.08)]
[(1.6300000000000001, 4.05), (1.6300000000000001, 4.05), (2.54, 3.63), (3.45, 3.21), (4.44, 3.04), (5.44, 3.0100000000000002), (6.44, 2.98), (6.61, 2.98)]
[(5.3, 4.63), (5.3, 4.63), (4.88, 3.71), (4.11, 3.0700000000000003), (3.21, 3.52), (2.69, 3.98)]
[(1.23, 3.9), (1.23, 3.9), (2.19, 3.59), (3.14, 3.27), (4.12, 3.06), (5.0, 3.5500000000000003), (5.74, 4.24), (5.8100000000000005, 4.3100000000000005)]
[(6.61, 1.5), (6.61, 1.5), (5.74, 1.0), (4.76, 1.22), (3.7800000000000002, 1.44), (3.16, 2.23), (3.3200000000000003, 3.17)]
[(4.14, 1.5), (4.14, 1.5), (3.18, 1.79), (3.13, 2.66)]
[(2.69, 2.85), (2.69, 2.85), (3.09, 1.92), (3.97, 1.43), (4.96, 1.25), (5.04, 1.24)]
[(6.19, 3.38), (6.19, 3.38), (5.21, 3.17), (4.23, 2.95), (3.25, 2.7), (3.18, 1.7), (4.11, 1.33), (5.08, 1.08), (5.55, 0.9500000000000001)]
[(6.01, 3.56), (6.01, 3.56), (5.05, 3.2600000000000002), (4.08, 2.97), (3.17, 2.5500000000000003), (3.3200000000000003, 1.55), (4.29, 1.28), (5.26, 1.02), (5.8100000000000005, 0.74)]
[(3.12, 1.31), (3.12, 1.31), (3.15, 2.31), (4.0, 2.84), (5.0, 2.96), (5.39, 3.0)]
[(1.42, 3.99), (1.42, 3.99), (2.35, 3.62), (3.29, 3.25), (4.28, 3.0700000000000003), (5.21, 3.45), (5.8100000000000005, 3.79)]
[(6.41, 0.74), (6.41, 0.74), (5.44, 0.99), (4.47, 1.25), (3.5, 1.5), (3.15, 2.44), (4.08, 2.81), (5.08, 2.86), (6.08, 2.85), (6.5600000000000005, 2.83)]
[(2.09, 4.19), (2.09, 4.19), (2.92, 3.62), (3.7600000000000002, 3.0700000000000003), (4.76, 3.09), (5.69, 3.13)]
[(3.6, 2.82), (3.6, 2.82), (4.5600000000000005, 3.14), (5.13, 3.97), (5.23, 4.12)]
[(4.11, 1.29), (4.11, 1.29), (3.19, 1.69), (2.69, 2.57), (2.15, 3.42), (2.09, 3.5100000000000002)]
[(5.45, 3.83), (5.45, 3.83), (4.66, 3.21), (3.71, 2.87), (3.17, 2.02), (3.94, 1.3800000000000001), (4.91, 1.1300000000000001), (5.65, 0.9400000000000001)]
[(5.08, 1.1), (5.08, 1.1), (4.11, 1.35), (3.18, 1.72), (3.27, 2.72), (4.23, 3.02), (5.2, 3.3000000000000003), (5.54, 3.4)]
[(5.45, 4.21), (5.45, 4.21), (4.8100000000000005, 3.43), (3.94, 2.93), (3.15, 2.31), (3.74, 1.5), (4.64, 1.44)]
[(3.15, 2.5), (3.15, 2.5), (3.4, 1.52), (4.37, 1.25), (4.71, 1.1500000000000001)]
[(2.35, 2.74), (2.35, 2.74), (3.34, 2.9), (4.33, 3.06), (5.15, 3.6)]
[(6.04, 3.44), (6.04, 3.44), (5.0600000000000005, 3.19), (4.08, 2.95), (3.16, 2.5500000000000003), (3.0100000000000002, 2.11)]
[(6.23, 0.71), (6.23, 0.71), (5.2700000000000005, 1.01), (4.3, 1.28), (3.33, 1.55), (3.17, 2.54), (4.08, 2.97), (4.89, 3.56), (4.97, 3.67)]
[(5.62, 3.06), (5.62, 3.06), (4.62, 2.93), (3.62, 2.8000000000000003), (3.17, 1.9000000000000001), (4.09, 1.49), (5.09, 1.43), (5.5200000000000005, 1.4000000000000001)]
[(5.89, 0.56), (5.89, 0.56), (5.03, 1.08), (4.0600000000000005, 1.34), (3.18, 1.82), (3.48, 2.7800000000000002), (4.48, 2.83), (5.48, 2.86), (6.48, 2.81), (6.74, 2.79)]
[(5.84, 3.52), (5.84, 3.52), (4.88, 3.22), (3.89, 3.06), (3.52, 3.94)]
[(5.71, 1.36), (5.71, 1.36), (4.71, 1.48), (3.71, 1.52), (2.93, 2.16), (2.85, 2.31)]
[(4.17, 1.35), (4.17, 1.35), (3.21, 1.6400000000000001), (2.98, 2.62), (2.7600000000000002, 3.6), (2.74, 3.67)]
[(5.53, 3.81), (5.53, 3.81), (4.7, 3.23), (3.7600000000000002, 2.88), (3.16, 2.07), (3.92, 1.41), (4.9, 1.19), (5.88, 0.97), (6.57, 1.35)]
[(2.0100000000000002, 3.7800000000000002), (2.0100000000000002, 3.7800000000000002), (2.94, 3.4), (3.89, 3.06), (4.89, 3.17), (5.68, 3.34)]
[(2.16, 4.13), (2.16, 4.13), (2.99, 3.5700000000000003), (3.86, 3.06), (4.84, 3.3000000000000003), (5.71, 3.8200000000000003), (5.8500000000000005, 3.9)]
[(6.3, 0.8), (6.3, 0.8), (5.32, 1.04), (4.3500000000000005, 1.29), (3.37, 1.53), (2.77, 2.33), (1.98, 2.96), (1.44, 3.39)]
[(1.62, 2.88), (1.62, 2.88), (2.5300000000000002, 2.44), (3.19, 1.68), (4.12, 1.31), (5.08, 1.02), (6.03, 0.7000000000000001), (6.49, 0.5)]
[(4.24, 2.9), (4.24, 2.9), (3.25, 2.7), (3.18, 1.7), (4.11, 1.33), (5.08, 1.06), (5.65, 0.9)]
[(1.55, 2.47), (1.55, 2.47), (2.5500000000000003, 2.37), (3.23, 1.6300000000000001), (4.18, 1.31), (5.15, 1.05), (5.78, 0.38)]
[(1.6400000000000001, 4.07), (1.6400000000000001, 4.07), (2.2, 3.24), (2.7600000000000002, 2.41), (3.3000000000000003, 1.56), (4.28, 1.33), (5.26, 1.11), (6.24, 0.89), (6.5600000000000005, 0.84)]
[(2.45, 3.65), (2.45, 3.65), (3.37, 3.24), (4.36, 3.08), (5.0, 3.85), (5.4, 4.5600000000000005)]
[(6.62, 3.21), (6.62, 3.21), (5.62, 3.15), (4.62, 3.09), (3.62, 3.11), (2.67, 3.43), (2.52, 3.48)]
[(3.42, 4.0200000000000005), (3.42, 4.0200000000000005), (3.75, 3.0700000000000003), (4.49, 2.98)]
[(5.41, 3.38), (5.41, 3.38), (4.45, 3.08), (3.45, 3.17), (2.5, 3.49), (1.72, 3.75)]
[(5.71, 1.18), (5.71, 1.18), (4.72, 1.33), (3.73, 1.48), (3.15, 2.3000000000000003), (3.89, 2.99), (4.8500000000000005, 3.27), (5.49, 3.64)]
[(2.68, 2.96), (2.68, 2.96), (3.68, 3.0300000000000002), (4.66, 3.24), (4.99, 3.66)]
[(6.54, 2.82), (6.54, 2.82), (5.54, 2.86), (4.54, 2.83), (3.54, 2.7800000000000002), (3.13, 1.86), (3.12, 1.68)]
[(3.33, 3.61), (3.33, 3.61), (4.18, 3.0700000000000003), (5.18, 3.2), (5.67, 3.29)]
[(3.38, 4.37), (3.38, 4.37), (3.56, 3.38), (4.5200000000000005, 3.09), (5.5200000000000005, 3.15), (5.74, 3.17)]
[(5.11, 3.31), (5.11, 3.31), (4.15, 2.99), (3.2, 2.65), (3.21, 1.6500000000000001), (4.2, 1.5), (5.2, 1.45), (5.28, 1.45)]
[(3.12, 1.98), (3.12, 1.98), (3.99, 1.46), (4.99, 1.36), (5.61, 1.29)]
[(3.19, 3.0700000000000003), (3.19, 3.0700000000000003), (3.16, 2.07), (3.99, 1.51), (4.99, 1.48), (5.24, 1.47)]
[(6.63, 1.19), (6.63, 1.19), (5.64, 1.02), (4.66, 1.24), (3.68, 1.46), (2.93, 2.14), (2.2, 2.83), (1.44, 3.5), (1.27, 3.65)]
[(4.15, 1.54), (4.15, 1.54), (3.17, 1.75), (2.97, 2.73), (2.7600000000000002, 3.71), (2.63, 4.3100000000000005)]
[(3.12, 2.27), (3.12, 2.27), (3.94, 2.86), (4.82, 2.99)]
[(6.15, 3.54), (6.15, 3.54), (5.18, 3.2800000000000002), (4.2, 3.0700000000000003), (3.22, 3.31), (2.3000000000000003, 3.71), (1.3800000000000001, 4.12), (1.27, 4.17)]
[(5.75, 3.64), (5.75, 3.64), (4.83, 3.24), (3.84, 3.06), (2.9, 3.41), (1.97, 3.7800000000000002), (1.48, 3.98)]
[(6.61, 0.54), (6.61, 0.54), (5.66, 0.88), (4.71, 1.23), (3.75, 1.53), (2.94, 2.12), (2.08, 2.5)]
[(1.8800000000000001, 3.97), (1.8800000000000001, 3.97), (2.79, 3.5300000000000002), (3.7, 3.09), (4.68, 3.29), (4.8, 3.62)]
[(3.35, 3.17), (3.35, 3.17), (4.3500000000000005, 3.0700000000000003), (5.3100000000000005, 3.37), (5.57, 3.46)]
[(1.2, 3.98), (1.2, 3.98), (2.15, 3.64), (3.1, 3.3000000000000003), (4.08, 3.06), (5.08, 3.16), (6.08, 3.29), (6.43, 3.34)]
[(1.68, 3.14), (1.68, 3.14), (2.48, 2.54), (3.14, 1.78), (4.11, 1.51), (5.11, 1.47), (5.12, 1.47)]
[(5.26, 3.77), (5.26, 3.77), (4.51, 3.1), (3.5100000000000002, 3.16), (2.57, 3.5100000000000002), (2.37, 3.58)]
[(2.94, 4.3100000000000005), (2.94, 4.3100000000000005), (3.46, 3.44), (4.4, 3.08), (5.4, 3.22), (6.3500000000000005, 3.36)]
[(5.3500000000000005, 4.45), (5.3500000000000005, 4.45), (4.84, 3.58), (4.05, 2.96), (3.16, 2.5), (3.41, 1.52), (4.39, 1.3), (5.37, 1.08), (6.3500000000000005, 0.87), (6.3500000000000005, 0.87)]
[(3.0100000000000002, 1.1500000000000001), (3.0100000000000002, 1.1500000000000001), (3.12, 2.15), (3.68, 2.98), (4.65, 3.25), (5.14, 4.13), (5.44, 4.68)]
[(2.7, 2.63), (2.7, 2.63), (3.16, 1.74), (4.08, 1.34), (4.51, 1.22)]
[(6.0600000000000005, 2.86), (6.0600000000000005, 2.86), (5.05, 2.86), (4.05, 2.81), (3.15, 2.37), (3.67, 1.51), (4.67, 1.45), (5.23, 1.41)]
[(4.9, 3.38), (4.9, 3.38), (3.95, 3.06), (2.98, 3.34), (2.0300000000000002, 3.67), (1.87, 3.73)]
[(5.7, 4.23), (5.7, 4.23), (4.97, 3.5300000000000002), (4.08, 3.0700000000000003), (3.08, 3.14), (2.08, 3.25), (1.79, 3.2800000000000002)]
[(4.5200000000000005, 1.16), (4.5200000000000005, 1.16), (3.56, 1.47), (3.15, 2.39), (3.96, 2.98), (4.2, 3.06)]
[(6.32, 0.55), (6.32, 0.55), (5.41, 0.97), (4.5, 1.4000000000000001), (3.5, 1.53), (2.83, 2.2800000000000002), (2.04, 2.66)]
[(2.7600000000000002, 3.31), (2.7600000000000002, 3.31), (3.0100000000000002, 2.34), (3.54, 1.48), (4.5, 1.19), (5.48, 0.9400000000000001), (5.8, 0.5700000000000001)]
[(6.15, 3.2), (6.15, 3.2), (5.15, 3.13), (4.15, 3.0700000000000003), (3.15, 3.2), (2.17, 3.41), (1.19, 3.62), (1.09, 3.64)]
[(4.87, 4.2700000000000005), (4.87, 4.2700000000000005), (4.67, 3.2800000000000002), (3.68, 3.1), (2.77, 3.5300000000000002), (1.86, 3.96), (1.3900000000000001, 4.18)]
[(5.63, 1.08), (5.63, 1.08), (4.65, 1.28), (3.66, 1.47), (2.92, 2.16), (2.36, 2.99), (1.8, 3.8200000000000003), (1.72, 3.94)]
[(3.19, 0.79), (3.19, 0.79), (3.02, 1.78), (2.65, 2.71), (2.2, 3.61), (1.8800000000000001, 4.16)]
[(1.52, 2.47), (1.52, 2.47), (2.52, 2.38), (3.21, 1.6500000000000001), (4.17, 1.35), (4.43, 1.29)]
[(1.93, 3.95), (1.93, 3.95), (2.84, 3.5100000000000002), (3.75, 3.0700000000000003), (4.75, 3.19), (5.12, 3.34)]
[(5.87, 4.67), (5.87, 4.67), (5.22, 3.91), (4.57, 3.14), (3.61, 2.84), (3.17, 1.94), (4.01, 1.3900000000000001), (4.99, 1.17), (5.97, 0.9500000000000001), (6.53, 1.18)]
[(3.71, 1.3800000000000001), (3.71, 1.3800000000000001), (3.02, 2.12), (2.69, 2.99)]
[(5.41, 3.3000000000000003), (5.41, 3.3000000000000003), (4.44, 3.0500000000000003), (3.47, 2.79), (3.17, 1.83), (3.17, 1.83)]
