[(0.61, 4.11), (0.61, 4.11), (1.59, 3.88), (2.39, 4.48), (3.2, 5.09), (3.95, 5.7700000000000005), (4.66, 6.48), (5.47, 6.84)]
[(2.71, 4.66), (2.71, 4.66), (1.8800000000000001, 4.08), (0.88, 4.18), (0.79, 4.26)]
[(3.0500000000000003, 9.17), (3.0500000000000003, 9.17), (3.11, 8.17), (2.3000000000000003, 7.57), (1.42, 7.42)]
[(1.08, 2.77), (1.08, 2.77), (1.61, 3.63), (2.08, 4.5200000000000005), (1.57, 5.38)]
[(3.71, 9.86), (3.71, 9.86), (3.56, 8.870000000000001), (3.41, 7.88), (3.25, 6.890000000000001), (3.1, 5.9), (2.67, 5.09)]
[(0.41000000000000003, 4.72), (0.41000000000000003, 4.72), (1.11, 5.44), (2.11, 5.43), (3.12, 5.43), (4.12, 5.37), (4.69, 4.54), (4.7, 4.5200000000000005)]
[(2.4, 9.950000000000001), (2.4, 9.950000000000001), (2.94, 9.1), (3.1, 8.11), (3.09, 7.11), (3.08, 6.11), (2.68, 5.19), (2.08, 4.38), (1.3800000000000001, 3.65), (1.11, 3.39)]
[(6.79, 5.37), (6.79, 5.37), (5.8500000000000005, 5.0), (5.0200000000000005, 4.43), (4.3100000000000005, 5.15), (3.31, 5.12), (2.62, 4.64)]
[(2.52, 9.77), (2.52, 9.77), (3.06, 8.92), (3.2800000000000002, 7.94), (3.5100000000000002, 6.96), (3.7600000000000002, 5.98), (4.43, 5.83)]
[(3.08, 5.7), (3.08, 5.7), (2.81, 4.73), (2.5300000000000002, 3.77), (2.45, 2.77), (2.35, 1.77), (2.0100000000000002, 1.52)]
[(0.48, 7.3500000000000005), (0.48, 7.3500000000000005), (1.48, 7.25), (2.48, 7.16), (3.08, 6.3500000000000005), (2.67, 5.43), (2.17, 5.17)]
[(6.43, 5.6000000000000005), (6.43, 5.6000000000000005), (5.72, 4.88), (4.7700000000000005, 4.5600000000000005), (4.15, 5.36), (3.5500000000000003, 6.17), (3.19, 7.11), (3.11, 8.11), (2.87, 9.09), (2.1, 9.48)]
[(3.08, 7.86), (3.08, 7.86), (3.35, 6.890000000000001), (3.7, 5.94), (4.3100000000000005, 5.14), (4.84, 4.42)]
[(4.29, 3.0700000000000003), (4.29, 3.0700000000000003), (4.34, 4.07), (4.2700000000000005, 5.07), (3.27, 5.0), (2.54, 4.3), (2.17, 3.95)]
[(1.86, 0.9400000000000001), (1.86, 0.9400000000000001), (1.4000000000000001, 1.84), (1.3800000000000001, 2.84), (1.6400000000000001, 3.81), (1.72, 4.0200000000000005)]
[(0.65, 3.58), (0.65, 3.58), (1.61, 3.9), (2.2800000000000002, 4.65), (2.88, 5.46), (3.13, 6.43), (3.2, 7.43), (3.25, 8.05)]
[(2.19, 5.17), (2.19, 5.17), (3.0500000000000003, 5.69), (3.08, 6.69), (2.36, 7.390000000000001), (1.9000000000000001, 7.62)]
[(2.83, 7.3), (2.83, 7.3), (3.08, 6.33), (2.88, 5.3500000000000005), (2.43, 4.45), (1.81, 3.65), (1.36, 2.75), (1.32, 2.12)]
[(2.08, 4.99), (2.08, 4.99), (2.91, 5.5600000000000005), (3.08, 6.55), (3.08, 6.5600000000000005)]
[(0.47000000000000003, 5.0600000000000005), (0.47000000000000003, 5.0600000000000005), (1.46, 5.24), (2.35, 4.78), (2.6, 4.63)]
[(5.84, 5.73), (5.84, 5.73), (5.54, 4.7700000000000005), (4.54, 4.8500000000000005), (3.69, 5.38), (2.93, 4.73), (2.17, 4.08), (1.49, 3.49)]
[(1.8900000000000001, 10.24), (1.8900000000000001, 10.24), (2.56, 9.49), (3.13, 8.66), (3.42, 7.7), (3.5300000000000002, 6.7), (3.85, 5.75), (4.47, 4.95), (5.36, 4.48), (5.8100000000000005, 4.7)]
[(3.18, 8.03), (3.18, 8.03), (2.98, 9.02), (2.02, 9.31), (1.09, 9.33)]
[(0.4, 5.4), (0.4, 5.4), (1.4000000000000001, 5.44), (2.4, 5.49), (3.08, 6.23), (2.73, 7.17), (1.76, 7.46), (1.45, 7.55)]
[(1.94, 10.1), (1.94, 10.1), (2.64, 9.370000000000001), (3.16, 8.51), (3.3200000000000003, 7.5200000000000005), (3.48, 6.53), (4.45, 6.2700000000000005), (5.3500000000000005, 6.72), (5.59, 6.7700000000000005)]
[(3.5500000000000003, 6.05), (3.5500000000000003, 6.05), (3.39, 7.04), (3.22, 8.03), (2.99, 9.01), (2.0300000000000002, 9.31), (1.4000000000000001, 9.32)]
[(4.71, 6.99), (4.71, 6.99), (4.21, 6.12), (3.36, 6.66), (3.11, 7.63), (3.11, 8.63), (2.5500000000000003, 9.47), (2.16, 9.870000000000001)]
[(0.74, 4.2), (0.74, 4.2), (1.72, 4.0), (2.0100000000000002, 4.96), (2.0100000000000002, 4.99)]
[(4.2, 2.65), (4.2, 2.65), (4.29, 3.65), (4.32, 4.65), (4.05, 5.62), (3.5, 6.46), (3.3200000000000003, 7.45), (3.15, 8.44), (2.95, 9.42), (2.93, 9.49)]
[(2.33, 3.81), (2.33, 3.81), (2.69, 4.75), (3.06, 5.69), (3.08, 6.69), (2.27, 7.29), (1.3, 7.5600000000000005), (1.22, 7.58)]
[(1.79, 3.85), (1.79, 3.85), (2.44, 3.09), (2.44, 2.08), (2.09, 1.1400000000000001), (2.08, 1.12)]
[(1.97, 9.64), (1.97, 9.64), (2.83, 9.11), (3.22, 8.18), (3.38, 7.19), (3.54, 6.2), (4.13, 5.39), (4.75, 4.59), (5.65, 5.05), (5.83, 5.53)]
[(3.0700000000000003, 9.57), (3.0700000000000003, 9.57), (3.21, 8.57), (3.35, 7.57), (3.49, 6.57), (4.49, 6.63), (4.61, 6.9)]
[(3.49, 6.08), (3.49, 6.08), (3.12, 5.15), (2.74, 4.22), (2.45, 3.2600000000000002), (2.45, 2.25), (2.18, 1.31)]
[(0.87, 2.5300000000000002), (0.87, 2.5300000000000002), (1.49, 3.33), (2.37, 3.47)]
[(4.57, 3.69), (4.57, 3.69), (4.36, 4.67), (3.45, 5.09), (2.91, 4.24), (2.46, 3.34), (2.45, 2.34), (2.04, 1.71)]
[(0.92, 3.2800000000000002), (0.92, 3.2800000000000002), (1.67, 3.95), (2.33, 4.71), (2.93, 5.5200000000000005), (3.14, 6.5), (3.2, 7.17)]
[(0.58, 7.36), (0.58, 7.36), (1.58, 7.26), (2.58, 7.15), (3.08, 6.28), (2.8000000000000003, 5.3100000000000005), (2.24, 4.48), (1.68, 3.64), (1.18, 2.8000000000000003)]
[(5.36, 6.74), (5.36, 6.74), (4.45, 6.3), (3.5, 6.62), (3.39, 7.62), (3.29, 8.620000000000001), (3.19, 9.620000000000001), (3.17, 9.82)]
[(3.52, 8.66), (3.52, 8.66), (3.37, 7.67), (3.22, 6.68), (3.0500000000000003, 5.69), (2.45, 4.88), (1.83, 4.09), (1.01, 3.5100000000000002), (0.79, 3.37)]
[(1.36, 2.6), (1.36, 2.6), (1.6300000000000001, 3.5700000000000003), (2.19, 4.41), (2.75, 5.24), (3.08, 6.19), (2.74, 7.140000000000001), (1.74, 7.24), (0.74, 7.3500000000000005), (0.63, 7.36)]
[(2.06, 10.040000000000001), (2.06, 10.040000000000001), (2.74, 9.290000000000001), (3.19, 8.39), (3.38, 7.6000000000000005)]
[(1.77, 10.1), (1.77, 10.1), (2.52, 9.43), (3.11, 8.620000000000001), (3.1, 7.62), (3.09, 6.62), (3.04, 5.62), (2.7800000000000002, 4.65), (2.5100000000000002, 3.68), (2.45, 2.68), (2.43, 1.68), (2.4, 1.0)]
[(3.63, 9.91), (3.63, 9.91), (3.58, 8.91), (3.5300000000000002, 7.91), (3.5300000000000002, 6.9), (3.73, 5.91), (4.3500000000000005, 5.11), (5.09, 4.42), (5.67, 5.24), (5.75, 5.5)]
[(6.0600000000000005, 5.68), (6.0600000000000005, 5.68), (5.57, 4.8), (4.57, 4.76), (4.29, 5.0600000000000005)]
[(0.84, 2.75), (0.84, 2.75), (1.45, 3.5500000000000003), (2.06, 4.3500000000000005), (2.66, 5.16), (3.11, 6.0600000000000005), (3.22, 7.0600000000000005), (3.33, 8.06), (3.35, 8.25)]
[(4.41, 2.54), (4.41, 2.54), (4.38, 3.54), (4.33, 4.54), (3.85, 5.42), (3.18, 4.66), (2.63, 3.8200000000000003), (2.45, 2.83), (2.4, 1.83), (1.7, 1.22)]
[(5.7, 6.91), (5.7, 6.91), (4.75, 6.5600000000000005), (3.99, 5.91), (3.22, 5.26), (2.45, 4.62), (1.69, 3.97), (0.79, 3.98)]
[(2.43, 5.51), (2.43, 5.51), (2.13, 4.55), (1.56, 3.72), (1.16, 3.22)]
[(3.04, 9.07), (3.04, 9.07), (3.22, 8.08), (3.4, 7.09), (3.58, 6.1000000000000005), (4.23, 5.34), (4.29, 5.2700000000000005)]
[(4.53, 3.23), (4.53, 3.23), (4.37, 4.22), (4.23, 5.22), (3.63, 6.03), (3.11, 6.890000000000001), (2.19, 7.29), (1.21, 7.53), (1.09, 7.5600000000000005)]
[(0.51, 4.67), (0.51, 4.67), (1.1500000000000001, 5.44), (2.15, 5.45), (3.08, 5.82), (3.09, 6.82), (3.1, 7.82), (3.09, 8.82), (2.2600000000000002, 9.39), (1.77, 9.58)]
[(1.24, 2.13), (1.24, 2.13), (1.3900000000000001, 3.13), (1.9100000000000001, 3.99), (2.47, 4.82), (3.0300000000000002, 5.66), (3.08, 6.66), (2.27, 7.26), (1.29, 7.49), (0.31, 7.71), (0.26, 7.72)]
[(3.11, 6.33), (3.11, 6.33), (2.88, 5.3500000000000005), (2.43, 4.45), (1.81, 3.65), (1.33, 2.7600000000000002), (1.23, 1.98)]
[(5.83, 5.39), (5.83, 5.39), (5.3500000000000005, 4.5), (4.46, 4.96), (3.5100000000000002, 5.29), (2.61, 4.84), (1.8800000000000001, 4.14), (0.93, 3.8200000000000003), (0.46, 3.8200000000000003)]
[(6.33, 1.96), (6.33, 1.96), (5.8500000000000005, 1.08), (4.98, 0.63)]
[(6.51, 5.47), (6.51, 5.47), (5.73, 4.83), (4.76, 4.57), (4.14, 5.36), (3.14, 5.43), (2.13, 5.43), (1.1300000000000001, 5.44), (0.28, 5.09)]
[(1.28, 2.33), (1.28, 2.33), (1.48, 3.3200000000000003), (2.21, 4.01), (2.95, 4.7), (3.69, 5.38), (4.32, 4.6000000000000005), (4.22, 3.87)]
[(3.42, 7.59), (3.42, 7.59), (3.5100000000000002, 6.59), (4.26, 6.21)]
[(1.72, 5.28), (1.72, 5.28), (2.72, 5.34), (3.72, 5.4), (4.53, 4.83)]
[(2.63, 1.04), (2.63, 1.04), (2.45, 2.0300000000000002), (2.46, 3.0300000000000002), (2.6, 4.03), (2.87, 5.0), (3.08, 5.98), (3.06, 6.98), (2.1, 7.29), (1.12, 7.51), (0.3, 7.69)]
[(1.16, 7.45), (1.16, 7.45), (2.15, 7.26), (3.08, 6.890000000000001), (3.23, 5.9), (3.2800000000000002, 5.57)]
[(2.2800000000000002, 5.09), (2.2800000000000002, 5.09), (1.31, 5.37), (0.37, 5.0200000000000005), (0.29, 4.94)]
[(1.02, 3.2), (1.02, 3.2), (1.71, 3.94), (2.34, 4.73), (2.94, 5.54), (3.19, 6.51), (3.33, 7.51), (3.34, 7.58)]
[(3.52, 8.25), (3.52, 8.25), (2.93, 9.06), (1.99, 9.42), (1.81, 9.47)]
[(6.68, 5.13), (6.68, 5.13), (5.71, 4.86), (4.74, 4.6000000000000005), (4.11, 5.39), (3.15, 5.11), (2.31, 4.5600000000000005), (1.58, 3.87), (0.65, 4.25), (0.43, 4.39)]
[(0.47000000000000003, 2.5100000000000002), (0.47000000000000003, 2.5100000000000002), (1.1400000000000001, 3.27), (1.8, 4.03), (2.42, 4.83), (3.0100000000000002, 5.64), (3.08, 6.640000000000001), (2.33, 7.32), (1.3800000000000001, 7.65), (1.11, 7.74)]
[(4.5200000000000005, 2.88), (4.5200000000000005, 2.88), (4.41, 3.88), (4.29, 4.88), (3.3000000000000003, 5.03), (2.57, 4.34), (1.83, 3.65), (1.37, 2.7600000000000002), (1.35, 2.2)]
[(5.12, 6.72), (5.12, 6.72), (4.29, 6.16), (3.49, 6.65)]
[(1.6400000000000001, 1.0), (1.6400000000000001, 1.0), (2.33, 1.74), (2.45, 2.74), (2.58, 3.74), (3.47, 4.21), (3.52, 4.21)]
[(3.43, 9.35), (3.43, 9.35), (3.47, 8.35), (3.5, 7.3500000000000005), (3.54, 6.3500000000000005), (4.0600000000000005, 5.48), (4.68, 4.68), (5.43, 4.5600000000000005)]
[(1.53, 1.06), (1.53, 1.06), (2.29, 1.72), (2.45, 2.71), (2.57, 3.71), (3.12, 4.5600000000000005), (3.69, 5.39), (4.48, 6.01), (4.49, 6.0200000000000005)]
[(0.63, 2.94), (0.63, 2.94), (1.36, 3.64), (2.07, 4.3500000000000005), (2.66, 5.16), (3.08, 6.07), (2.99, 7.07), (1.99, 7.13), (0.98, 7.13), (0.34, 7.140000000000001)]
[(4.55, 5.19), (4.55, 5.19), (3.81, 5.88), (3.5100000000000002, 6.84), (3.46, 7.84), (3.41, 8.84), (3.37, 9.68)]
[(0.98, 3.3200000000000003), (0.98, 3.3200000000000003), (1.73, 4.0), (2.37, 4.7700000000000005), (2.97, 5.58), (3.09, 6.58), (3.1, 7.58), (3.11, 8.58), (2.91, 9.18)]
[(1.43, 9.85), (1.43, 9.85), (2.32, 9.38), (3.1, 8.75), (3.09, 7.75), (3.08, 6.75), (3.08, 5.74), (2.48, 4.93), (1.87, 4.13), (1.1300000000000001, 3.45), (0.41000000000000003, 2.79)]
[(0.34, 5.08), (0.34, 5.08), (1.27, 5.45), (2.27, 5.47), (3.09, 6.05), (3.11, 7.05), (3.14, 8.05), (3.17, 9.05), (3.19, 9.950000000000001)]
[(5.61, 4.58), (5.61, 4.58), (4.62, 4.75), (3.87, 5.42), (2.98, 4.94), (2.14, 4.39), (1.33, 3.79), (0.54, 3.61)]
[(0.77, 2.86), (0.77, 2.86), (1.53, 3.52), (2.29, 4.18), (3.0500000000000003, 4.84), (3.88, 5.41), (4.63, 4.74), (5.64, 4.75), (6.15, 5.16)]
[(2.67, 9.24), (2.67, 9.24), (3.11, 8.34), (2.46, 7.58), (1.48, 7.36), (0.5, 7.15), (0.29, 7.1000000000000005)]
[(0.54, 2.94), (0.54, 2.94), (1.34, 3.56), (2.13, 4.18), (2.93, 4.8), (3.73, 5.4), (4.41, 4.66), (4.64, 3.93)]
[(4.34, 5.51), (4.34, 5.51), (3.44, 5.05), (2.89, 4.21), (2.46, 3.3000000000000003), (2.45, 2.3000000000000003), (2.45, 2.0)]
[(2.57, 9.91), (2.57, 9.91), (3.0100000000000002, 9.01), (3.09, 8.01), (3.09, 7.0), (3.08, 6.0), (2.82, 5.03), (2.47, 4.09), (2.22, 3.4)]
[(2.2600000000000002, 9.58), (2.2600000000000002, 9.58), (3.04, 8.950000000000001), (3.34, 7.99), (3.5300000000000002, 7.0), (3.66, 6.0), (4.28, 5.2), (4.93, 4.44), (5.66, 5.14), (5.8100000000000005, 5.63)]
[(0.65, 3.15), (0.65, 3.15), (1.44, 3.77), (2.16, 4.48), (2.7600000000000002, 5.29), (3.08, 6.24), (3.1, 7.24), (3.11, 8.24), (2.83, 9.21), (2.3000000000000003, 9.86)]
[(6.5200000000000005, 5.14), (6.5200000000000005, 5.14), (5.61, 4.72), (4.61, 4.7700000000000005), (3.99, 5.57), (3.49, 6.44), (3.31, 7.43), (3.12, 8.42), (3.11, 8.49)]
[(2.05, 9.93), (2.05, 9.93), (2.77, 9.22), (3.11, 8.27), (3.1, 7.2700000000000005), (3.09, 6.2700000000000005), (2.88, 5.29), (2.58, 4.59)]
[(4.22, 2.64), (4.22, 2.64), (4.3, 3.64), (4.3, 4.65), (3.96, 5.6000000000000005), (3.44, 6.46), (3.11, 7.41), (3.11, 8.42), (2.69, 9.34), (2.0300000000000002, 10.06)]
[(4.74, 4.47), (4.74, 4.47), (5.67, 4.84), (6.04, 5.25)]
[(0.42, 5.46), (0.42, 5.46), (1.42, 5.44), (2.43, 5.43), (3.44, 5.43), (4.38, 5.07), (5.14, 4.42), (5.94, 5.0200000000000005), (6.47, 5.49)]
[(0.86, 7.42), (0.86, 7.42), (1.86, 7.53), (2.86, 7.67), (3.11, 8.64), (2.65, 9.53), (2.15, 10.26)]
[(1.31, 2.52), (1.31, 2.52), (1.56, 3.5), (2.07, 4.37), (1.81, 5.16)]
[(1.84, 1.67), (1.84, 1.67), (2.45, 2.47), (2.46, 3.47), (2.62, 4.46), (2.95, 5.41), (3.09, 6.41), (3.1, 7.41), (3.11, 8.41), (2.61, 9.290000000000001), (2.13, 9.64)]
[(4.55, 4.0200000000000005), (4.55, 4.0200000000000005), (4.3, 4.99), (3.3200000000000003, 4.76), (3.08, 4.26)]
[(3.14, 9.200000000000001), (3.14, 9.200000000000001), (3.27, 8.2), (3.4, 7.2), (3.54, 6.2), (4.13, 5.39), (4.75, 4.59), (5.48, 4.6000000000000005)]
[(0.34, 4.93), (0.34, 4.93), (0.67, 3.98), (0.99, 3.0300000000000002), (1.32, 2.08), (2.18, 1.57)]
[(2.15, 7.22), (2.15, 7.22), (3.0700000000000003, 6.82), (3.08, 5.82), (2.5300000000000002, 4.98), (1.93, 4.18), (1.47, 3.65)]
[(3.67, 8.72), (3.67, 8.72), (3.45, 7.74), (3.23, 6.76), (3.08, 5.7700000000000005), (2.82, 4.8), (2.5500000000000003, 3.83), (2.45, 2.83), (2.41, 1.83), (1.92, 0.9500000000000001), (1.9100000000000001, 0.93)]
[(4.28, 5.03), (4.28, 5.03), (3.29, 5.2), (2.69, 4.93)]
[(1.92, 0.75), (1.92, 0.75), (2.34, 1.67), (2.45, 2.67), (2.48, 3.67), (2.5100000000000002, 4.0600000000000005)]
