[(3.71, 6.8100000000000005), (3.71, 6.8100000000000005), (3.97, 7.78), (4.24, 8.75), (4.44, 9.73), (5.13, 10.46), (6.12, 10.620000000000001), (6.98, 11.14), (7.67, 11.88), (7.72, 11.93)]
[(8.81, 12.030000000000001), (8.81, 12.030000000000001), (7.8100000000000005, 11.98), (7.16, 12.74), (6.93, 13.72), (6.7, 14.700000000000001), (5.8500000000000005, 15.23), (4.8500000000000005, 15.19), (4.55, 14.23), (4.37, 13.24), (4.19, 12.25), (4.14, 11.99)]
[(5.3, 13.08), (5.3, 13.08), (4.98, 14.030000000000001), (4.69, 14.99), (5.67, 15.23), (6.62, 14.91), (6.65, 13.91), (6.68, 12.91), (6.71, 11.91), (6.7, 10.91), (5.76, 10.56), (4.79, 10.31), (4.37, 9.4), (4.29, 8.4), (4.21, 7.4), (4.26, 6.4), (4.32, 5.4), (4.38, 4.4), (5.33, 4.08), (6.3, 4.34), (6.63, 5.29), (6.94, 6.25), (7.0600000000000005, 6.6000000000000005)]
[(10.25, 16.56), (10.25, 16.56), (9.53, 15.860000000000001), (9.09, 14.96), (8.75, 14.01), (8.75, 13.0), (8.48, 12.030000000000001), (7.72, 11.38), (6.8500000000000005, 10.86), (5.9, 10.53), (4.9, 10.41), (4.37, 9.56), (4.03, 8.61), (3.91, 7.61), (3.88, 6.61), (3.81, 5.61), (2.98, 5.05), (1.98, 4.91), (1.95, 4.91)]
[(5.82, 3.68), (5.82, 3.68), (4.88, 4.04), (4.3500000000000005, 4.89), (4.29, 5.89), (4.24, 6.890000000000001), (4.26, 7.890000000000001), (4.33, 8.89), (4.53, 9.88), (5.33, 10.49), (6.32, 10.64), (7.3, 10.85), (8.3, 10.82), (8.36, 10.81)]
[(5.3, 12.040000000000001), (5.3, 12.040000000000001), (5.09, 13.02), (4.88, 14.0), (4.69, 14.99), (5.67, 15.23), (6.62, 14.91), (6.65, 13.91), (6.68, 12.91), (6.7, 11.91), (6.69, 10.9), (5.74, 10.55), (4.78, 10.27), (4.36, 9.36), (4.29, 8.36), (4.21, 7.36), (4.2700000000000005, 6.36), (4.32, 5.36), (4.38, 4.36), (5.15, 3.72), (5.98, 3.14), (5.26, 2.44), (4.67, 2.4)]
[(9.58, 11.69), (9.58, 11.69), (8.59, 11.84), (7.6000000000000005, 11.99), (7.18, 12.9), (7.03, 13.89), (6.92, 14.89), (6.8100000000000005, 15.89), (6.69, 16.89), (6.58, 17.89), (6.55, 18.14)]
[(5.11, 13.89), (5.11, 13.89), (4.72, 14.82), (5.64, 15.23), (6.62, 15.030000000000001), (6.78, 14.040000000000001), (6.91, 13.22)]
[(6.83, 10.61), (6.83, 10.61), (7.59, 11.28), (8.36, 11.93), (8.75, 12.86), (8.76, 13.86), (8.78, 14.86), (8.790000000000001, 15.860000000000001), (8.8, 16.86), (8.82, 17.86), (8.83, 18.86), (8.83, 18.86)]
[(7.25, 12.81), (7.25, 12.81), (6.98, 13.780000000000001), (6.7, 14.75), (5.82, 15.23), (4.82, 15.18), (4.16, 14.63)]
[(3.99, 0.77), (3.99, 0.77), (4.75, 1.42), (5.51, 2.07), (6.25, 2.75), (5.53, 3.46), (4.71, 4.04), (4.34, 4.97), (4.29, 5.97), (4.23, 6.97), (4.26, 7.97), (4.34, 8.97), (4.54, 9.96), (5.39, 10.5), (6.38, 10.67), (6.76, 11.6), (6.8100000000000005, 12.6), (6.8100000000000005, 13.61), (6.8100000000000005, 14.620000000000001), (6.8100000000000005, 15.63), (6.8100000000000005, 16.64), (6.8100000000000005, 17.650000000000002), (6.98, 18.64), (7.48, 19.51), (8.43, 19.84), (8.55, 19.85)]
[(2.66, 7.61), (2.66, 7.61), (3.38, 6.91), (3.86, 6.03), (3.85, 5.03), (3.83, 4.03), (3.31, 3.17), (2.77, 2.32), (2.58, 1.33), (2.46, 0.51)]
[(8.5, 9.22), (8.5, 9.22), (8.22, 10.19), (7.49, 10.88), (6.51, 10.68), (5.5200000000000005, 10.49), (4.63, 10.03), (4.34, 9.07), (4.26, 8.07), (4.23, 7.07), (4.28, 6.07), (4.34, 5.07), (4.62, 4.1), (5.44, 3.52), (6.25, 2.91), (5.47, 2.2800000000000002), (4.5600000000000005, 1.85), (3.65, 1.41), (3.62, 1.4000000000000001)]
[(8.13, 11.24), (8.13, 11.24), (8.61, 12.120000000000001), (8.75, 13.120000000000001), (8.75, 14.13), (8.74, 15.13), (8.74, 16.14), (8.74, 17.150000000000002), (8.73, 18.150000000000002), (8.73, 19.16), (8.61, 20.07)]
[(4.11, 7.22), (4.11, 7.22), (4.22, 8.22), (4.34, 9.22), (4.7, 10.16), (5.63, 10.540000000000001), (6.62, 10.700000000000001), (7.58, 11.0), (8.540000000000001, 11.290000000000001), (9.5, 11.58), (9.83, 11.68)]
[(5.39, 3.67), (5.39, 3.67), (4.5200000000000005, 4.18), (4.33, 5.17), (4.28, 6.17), (4.22, 7.17), (4.2700000000000005, 8.17), (4.3500000000000005, 9.17), (4.62, 10.14), (5.55, 10.52), (6.54, 10.69), (6.71, 11.68), (6.69, 12.68), (6.66, 13.68), (6.63, 14.68), (5.79, 15.23), (4.79, 15.15), (4.63, 14.16), (4.58, 13.39)]
[(4.25, 8.950000000000001), (4.25, 8.950000000000001), (4.53, 9.92), (5.36, 10.49), (6.3500000000000005, 10.65), (6.71, 11.59), (6.69, 12.59), (6.66, 13.59), (6.63, 14.59), (5.86, 15.23), (4.86, 15.19), (4.86, 14.18), (5.09, 13.200000000000001), (5.33, 12.22), (5.36, 12.08)]
[(9.44, 11.67), (9.44, 11.67), (8.45, 11.84), (7.46, 12.01), (7.11, 12.950000000000001), (6.88, 13.93), (6.65, 14.91), (5.7, 15.23), (4.71, 15.07), (4.91, 14.09), (5.17, 13.120000000000001), (5.43, 12.15), (5.46, 12.05)]
[(8.78, 10.31), (8.78, 10.31), (8.15, 11.1), (7.53, 11.89), (7.11, 12.8), (6.82, 13.76), (6.62, 14.74), (5.93, 15.47), (5.25, 15.790000000000001)]
[(5.0200000000000005, 14.290000000000001), (5.0200000000000005, 14.290000000000001), (5.37, 15.23), (6.37, 15.24), (6.79, 14.33), (7.0200000000000005, 13.35), (7.25, 12.370000000000001), (8.17, 11.97), (8.75, 12.790000000000001), (8.92, 13.780000000000001), (9.1, 14.47)]
[(6.94, 15.57), (6.94, 15.57), (6.88, 16.57), (6.83, 17.57), (6.94, 18.57), (7.43, 19.45), (8.31, 19.94), (9.290000000000001, 20.18), (10.26, 20.43), (10.31, 20.44)]
[(5.5, 11.94), (5.5, 11.94), (5.23, 12.91), (4.97, 13.88), (4.7, 14.85), (5.63, 15.23), (6.62, 15.040000000000001), (6.8500000000000005, 14.06), (7.08, 13.08), (7.3100000000000005, 12.1), (7.54, 11.16)]
[(5.69, 14.6), (5.69, 14.6), (4.71, 14.84), (5.43, 15.55), (6.3, 16.07), (6.54, 17.05), (6.5600000000000005, 18.05), (6.58, 19.05), (6.53, 19.71)]
[(8.46, 11.05), (8.46, 11.05), (7.73, 11.75), (7.19, 12.6), (6.96, 13.58), (6.73, 14.56), (5.98, 15.23), (4.98, 15.22), (4.72, 14.25), (4.76, 13.25), (4.7700000000000005, 13.24)]
[(5.14, 1.23), (5.14, 1.23), (5.74, 2.04), (6.25, 2.91), (5.45, 3.52), (4.63, 4.1), (4.34, 5.0600000000000005), (4.28, 6.0600000000000005), (4.23, 7.0600000000000005), (4.28, 8.06), (4.34, 9.06), (4.63, 10.03), (5.4, 10.67), (6.41, 10.67), (7.2700000000000005, 11.19), (8.1, 11.77), (8.73, 12.55), (8.89, 13.540000000000001), (9.44, 14.38), (9.790000000000001, 14.49)]
[(4.0, 19.2), (4.0, 19.2), (4.3, 18.240000000000002), (5.12, 17.650000000000002), (5.93, 17.06), (6.63, 16.34), (6.78, 15.35), (6.94, 14.36), (7.1000000000000005, 13.370000000000001), (7.26, 12.38), (8.18, 11.97), (9.17, 12.13), (10.16, 12.31), (10.67, 12.43)]
[(3.48, 6.9), (3.48, 6.9), (4.0, 7.76), (4.38, 8.69), (4.42, 9.69), (5.07, 10.450000000000001), (6.0600000000000005, 10.6), (6.8100000000000005, 11.27), (7.12, 12.23), (7.19, 12.44)]
[(6.92, 1.83), (6.92, 1.83), (6.390000000000001, 2.68), (5.66, 3.37), (4.84, 3.95), (4.3500000000000005, 4.83), (4.3, 5.83), (4.24, 6.83), (4.26, 7.83), (4.33, 8.83), (4.49, 9.82), (5.25, 10.48), (6.24, 10.63), (7.22, 10.84), (8.22, 10.96), (9.22, 11.06), (9.28, 11.07)]
[(6.9, 19.77), (6.9, 19.77), (6.8500000000000005, 18.77), (6.82, 17.77), (6.88, 16.77), (6.93, 15.77), (6.99, 14.77), (7.05, 13.77), (7.19, 12.77), (7.49, 11.81), (7.94, 10.91), (8.35, 10.120000000000001)]
[(5.45, 12.84), (5.45, 12.84), (5.1000000000000005, 13.780000000000001), (4.75, 14.73), (5.62, 15.23), (6.61, 15.07), (6.8500000000000005, 14.09), (7.08, 13.11), (7.33, 12.14), (8.32, 11.97), (9.32, 11.99), (10.28, 12.0)]
[(1.35, 6.94), (1.35, 6.94), (2.35, 6.96), (3.35, 6.99), (4.04, 7.72), (4.22, 8.71), (4.4, 9.700000000000001), (5.07, 10.450000000000001), (6.0600000000000005, 10.61), (6.98, 11.03), (7.7700000000000005, 11.65), (8.03, 11.85)]
[(5.0600000000000005, 3.22), (5.0600000000000005, 3.22), (5.82, 3.89), (6.45, 4.67), (6.74, 5.63), (7.54, 6.23), (8.47, 6.62), (8.55, 6.65)]
[(4.15, 13.43), (4.15, 13.43), (4.47, 14.38), (5.0200000000000005, 15.22), (6.0200000000000005, 15.23), (6.640000000000001, 14.44), (6.66, 13.44), (6.69, 12.44), (6.71, 11.44), (6.140000000000001, 10.61), (5.15, 10.46), (4.44, 9.74), (4.71, 8.93)]
[(8.88, 3.43), (8.88, 3.43), (7.890000000000001, 3.59), (6.9, 3.7600000000000002), (5.91, 3.94), (4.92, 4.11), (4.3500000000000005, 4.94), (4.29, 5.94), (4.23, 6.94), (4.26, 7.94), (4.33, 8.94), (4.54, 9.92), (5.37, 10.5), (6.36, 10.65), (6.71, 11.59), (6.68, 12.59), (6.65, 13.59), (6.63, 14.59), (5.9, 15.280000000000001), (4.9, 15.35), (4.09, 15.41)]
[(10.85, 21.45), (10.85, 21.45), (10.450000000000001, 20.53), (9.69, 19.88), (9.05, 19.11), (8.97, 18.11), (8.89, 17.11), (8.81, 16.11), (8.75, 15.11), (8.75, 14.1), (8.75, 13.09), (8.56, 12.1), (7.74, 11.52), (6.91, 10.94), (5.97, 10.59), (4.98, 10.44), (4.39, 9.63), (4.3100000000000005, 8.63), (4.23, 7.63), (4.25, 6.63), (4.3100000000000005, 5.63), (4.36, 4.63), (4.99, 3.84), (5.8100000000000005, 3.2600000000000002), (5.62, 2.27), (4.7700000000000005, 1.73), (4.5200000000000005, 1.57)]
[(4.38, 22.09), (4.38, 22.09), (4.89, 21.22), (5.54, 20.45), (6.25, 19.740000000000002), (6.58, 18.79), (6.5600000000000005, 17.79), (6.54, 16.79), (6.04, 15.91), (5.18, 15.39), (5.03, 14.4), (5.43, 13.83)]
[(6.69, 15.530000000000001), (6.69, 15.530000000000001), (6.69, 14.52), (6.7, 13.52), (6.7, 12.51), (6.71, 11.51), (6.23, 10.63), (5.24, 10.48), (4.49, 9.81), (4.32, 8.82), (4.25, 7.82), (4.28, 6.82), (4.33, 5.82), (4.36, 4.82), (5.0, 4.05), (5.98, 3.8000000000000003), (6.96, 3.5500000000000003), (7.48, 3.42)]
[(9.08, 15.63), (9.08, 15.63), (8.97, 16.63), (8.870000000000001, 17.63), (8.78, 18.63), (8.46, 19.59), (7.46, 19.490000000000002), (6.79, 18.73), (5.96, 18.17), (5.0200000000000005, 17.82), (4.65, 17.69)]
[(8.55, 17.66), (8.55, 17.66), (8.63, 16.66), (8.66, 15.66), (8.69, 14.66), (8.72, 13.66), (8.74, 12.66), (8.18, 11.82), (7.3500000000000005, 11.25), (6.5200000000000005, 10.68), (5.53, 10.51), (4.64, 10.040000000000001), (4.33, 9.08), (4.23, 8.08), (4.13, 7.08), (4.04, 6.08), (3.94, 5.08), (3.83, 4.08), (3.34, 3.2), (2.79, 2.36), (2.47, 1.41), (1.93, 0.56), (1.8, 0.42)]
[(8.72, 9.620000000000001), (8.72, 9.620000000000001), (9.05, 10.57), (9.65, 11.370000000000001), (10.26, 12.17), (10.84, 13.0), (10.86, 13.030000000000001)]
[(5.72, 17.7), (5.72, 17.7), (6.3100000000000005, 16.89), (6.5600000000000005, 15.92), (6.62, 14.92), (6.65, 13.92), (6.68, 12.92), (6.7, 11.92), (6.7, 10.91), (5.82, 10.43), (4.82, 10.35), (4.36, 9.46), (4.18, 8.47), (4.03, 7.66)]
[(5.19, 12.91), (5.19, 12.91), (4.94, 13.89), (4.7, 14.870000000000001), (5.64, 15.23), (6.62, 15.030000000000001), (6.65, 14.030000000000001), (6.68, 13.030000000000001), (6.7, 12.030000000000001), (6.71, 11.03), (5.82, 10.57), (4.84, 10.370000000000001), (4.37, 9.48), (4.3, 8.48), (4.22, 7.48), (4.26, 6.48), (4.32, 5.48), (4.37, 4.48), (5.08, 3.77), (5.9, 3.19), (5.38, 2.33), (4.86, 2.15)]
[(6.95, 5.16), (6.95, 5.16), (6.32, 4.37), (5.36, 4.08), (4.38, 4.33), (4.32, 5.33), (4.2700000000000005, 6.33), (4.21, 7.33), (4.29, 8.33), (4.36, 9.33), (4.76, 10.25), (5.68, 10.65), (6.68, 10.78), (7.51, 11.36), (8.34, 11.93), (8.75, 12.85), (8.75, 13.86), (8.75, 14.870000000000001), (8.75, 15.88), (8.75, 16.42)]
[(10.77, 20.09), (10.77, 20.09), (9.78, 19.900000000000002), (9.06, 19.2), (8.97, 18.2), (8.91, 17.2), (8.89, 16.2), (8.870000000000001, 15.200000000000001), (8.84, 14.200000000000001), (8.83, 13.200000000000001), (9.49, 12.44), (10.11, 11.93)]
[(3.91, 12.71), (3.91, 12.71), (4.23, 13.66), (4.55, 14.61), (5.34, 15.23), (6.34, 15.24), (6.640000000000001, 14.280000000000001), (6.67, 13.280000000000001), (6.7, 12.280000000000001), (6.71, 11.28), (5.98, 10.59), (4.99, 10.44), (4.39, 9.63), (4.3100000000000005, 8.63), (4.23, 7.63), (4.25, 6.63), (4.3, 5.63), (4.36, 4.63), (5.21, 4.09), (6.21, 4.24), (6.46, 5.21), (6.58, 6.21), (6.61, 6.49)]
[(7.5200000000000005, 21.66), (7.5200000000000005, 21.66), (7.63, 20.66), (7.41, 19.68), (7.01, 18.75), (6.79, 17.77), (6.71, 16.77), (6.71, 15.76), (6.71, 14.75), (6.71, 13.74), (6.71, 12.73), (6.71, 11.72), (6.59, 10.72), (5.6000000000000005, 10.53), (4.68, 10.13), (4.38, 9.56)]
[(5.65, 1.1), (5.65, 1.1), (6.0, 2.05), (6.11, 3.0500000000000003), (5.29, 3.63), (4.47, 4.21), (4.14, 5.16), (3.87, 6.13), (3.11, 6.78), (2.5300000000000002, 6.890000000000001)]
[(7.7700000000000005, 6.55), (7.7700000000000005, 6.55), (6.97, 5.93), (6.54, 5.0200000000000005), (6.08, 4.12), (5.08, 4.1), (4.3500000000000005, 4.79), (4.3, 5.79), (4.24, 6.79), (4.24, 7.8), (4.32, 8.8), (4.47, 9.8), (5.22, 10.47), (6.21, 10.620000000000001), (6.71, 11.49), (6.7, 12.49), (6.67, 13.49), (6.640000000000001, 14.49), (5.96, 15.23), (4.96, 15.22), (4.29, 14.46), (3.74, 13.65)]
[(9.88, 20.13), (9.88, 20.13), (8.89, 19.98), (7.9, 19.830000000000002), (7.21, 19.1), (6.83, 18.17), (6.79, 17.17), (6.76, 16.17), (6.73, 15.17), (6.72, 14.99)]
[(8.9, 14.1), (8.9, 14.1), (8.790000000000001, 13.1), (8.59, 12.120000000000001), (7.59, 11.99), (7.18, 12.91), (7.04, 13.91), (6.96, 14.91), (6.88, 15.91), (6.8, 16.89)]
[(4.2700000000000005, 20.900000000000002), (4.2700000000000005, 20.900000000000002), (5.17, 20.46), (6.08, 20.02), (7.07, 19.84), (8.07, 19.900000000000002), (9.07, 19.97), (10.07, 20.05), (10.200000000000001, 20.06)]
[(8.68, 8.88), (8.68, 8.88), (8.700000000000001, 9.88), (8.71, 10.88), (8.73, 11.88), (8.75, 12.88), (8.75, 13.89), (8.74, 14.89), (8.74, 15.9), (8.74, 16.91), (8.73, 17.91), (8.73, 18.92), (8.42, 19.88), (7.95, 20.77), (7.83, 21.14)]
[(4.47, 12.64), (4.47, 12.64), (4.5600000000000005, 13.64), (4.65, 14.64), (5.46, 15.23), (6.46, 15.21), (6.640000000000001, 14.22), (6.67, 13.22), (6.7, 12.22), (6.71, 11.22), (6.43, 10.26), (6.34, 10.05)]
[(9.35, 11.4), (9.35, 11.4), (8.39, 11.72), (7.44, 12.040000000000001), (7.0, 12.950000000000001), (6.87, 13.3)]
[(1.74, 2.7800000000000002), (1.74, 2.7800000000000002), (2.74, 2.88), (3.58, 3.44), (3.98, 4.36), (4.21, 5.34), (4.21, 6.3500000000000005), (4.21, 7.36), (4.3, 8.36), (4.36, 9.36), (4.78, 10.28), (5.75, 10.55), (6.74, 10.71), (7.73, 10.870000000000001), (8.07, 10.77)]
[(9.33, 14.59), (9.33, 14.59), (8.93, 13.67), (8.74, 12.68), (8.19, 11.83), (7.36, 11.25), (6.53, 10.68), (5.54, 10.52), (4.64, 10.06), (4.34, 9.1), (4.2700000000000005, 8.1), (4.22, 7.1000000000000005), (4.28, 6.1000000000000005), (4.34, 5.1000000000000005), (4.67, 4.15), (5.67, 4.08), (6.45, 4.71), (6.75, 5.67), (7.65, 6.11), (8.65, 6.25), (9.450000000000001, 5.84)]
[(8.59, 18.67), (8.59, 18.67), (8.63, 17.67), (8.68, 16.67), (8.72, 15.67), (8.76, 14.67), (8.8, 13.67), (9.08, 12.700000000000001), (9.65, 11.870000000000001), (10.23, 11.040000000000001), (10.27, 10.98)]
[(6.45, 17.580000000000002), (6.45, 17.580000000000002), (6.5200000000000005, 16.580000000000002), (6.59, 15.58), (6.66, 14.58), (6.71, 13.58), (6.71, 12.57), (6.71, 11.56), (6.3100000000000005, 10.64), (5.32, 10.49), (4.5200000000000005, 9.870000000000001), (4.33, 8.88), (4.25, 7.88), (4.23, 6.88), (4.29, 5.88), (4.3500000000000005, 4.88), (4.98, 4.1), (5.97, 3.93), (6.96, 3.75), (7.95, 3.58), (8.68, 3.5)]
[(6.7700000000000005, 16.2), (6.7700000000000005, 16.2), (6.76, 15.200000000000001), (6.75, 14.200000000000001), (6.74, 13.200000000000001), (6.72, 12.200000000000001), (6.71, 11.200000000000001), (6.05, 10.44), (5.05, 10.43), (4.41, 9.66), (4.2700000000000005, 8.66), (4.16, 7.8100000000000005)]
[(4.21, 13.74), (4.21, 13.74), (4.5600000000000005, 14.68), (5.4, 15.23), (6.4, 15.24), (6.640000000000001, 14.26), (6.67, 13.26), (6.7, 12.26), (6.71, 11.26), (5.96, 10.59), (4.97, 10.43), (4.38, 9.61), (4.3100000000000005, 8.61), (4.23, 7.61), (4.25, 6.61), (4.3100000000000005, 5.61), (4.36, 4.61), (5.19, 4.05), (6.18, 3.88), (7.04, 3.72)]
[(5.73, 3.5500000000000003), (5.73, 3.5500000000000003), (4.84, 4.01), (4.3500000000000005, 4.89), (4.29, 5.89), (4.24, 6.890000000000001), (4.26, 7.890000000000001), (4.33, 8.89), (4.5, 9.88), (5.3, 10.49), (6.29, 10.65), (6.75, 11.540000000000001), (6.8100000000000005, 12.540000000000001), (6.8100000000000005, 13.55), (6.8100000000000005, 14.56), (6.8100000000000005, 15.57), (6.8100000000000005, 16.580000000000002), (6.8100000000000005, 17.59), (6.94, 18.59), (7.34, 19.51), (7.68, 20.46), (7.88, 21.44), (8.26, 22.37), (8.3, 22.46)]
[(4.0600000000000005, 3.7), (4.0600000000000005, 3.7), (4.1, 4.7), (4.14, 5.7), (4.18, 6.7), (4.22, 7.7), (4.26, 8.700000000000001), (4.41, 9.69), (5.0600000000000005, 10.450000000000001), (6.05, 10.6), (6.71, 11.36), (6.69, 12.36), (6.65, 13.36), (6.63, 14.36), (6.19, 15.26), (5.19, 15.36), (4.19, 15.47), (4.09, 15.48)]
[(4.72, 15.52), (4.72, 15.52), (5.71, 15.36), (6.640000000000001, 14.96), (6.87, 13.98), (7.1000000000000005, 13.0), (7.38, 12.030000000000001), (7.8500000000000005, 11.14), (8.31, 10.25), (8.77, 9.36), (9.36, 8.55), (9.9, 8.31)]
[(4.0200000000000005, 14.56), (4.0200000000000005, 14.56), (4.82, 15.18), (5.62, 15.8), (6.51, 16.26), (6.68, 17.25), (6.83, 18.240000000000002), (7.24, 19.16), (7.97, 19.86), (8.94, 20.12), (9.91, 20.38), (10.82, 20.63)]
[(3.94, 18.93), (3.94, 18.93), (4.5, 18.1), (5.32, 17.51), (6.13, 16.92), (6.5600000000000005, 16.01), (6.62, 15.01), (6.65, 14.01), (6.68, 13.01), (6.7, 12.01), (6.71, 11.01), (5.86, 10.48), (4.86, 10.38), (4.37, 9.5), (4.2700000000000005, 8.5), (4.18, 7.5), (4.08, 6.5), (3.98, 5.5), (3.88, 4.5), (3.69, 3.5100000000000002), (3.02, 2.75), (2.6, 1.84), (2.2800000000000002, 0.89), (1.85, 0.31)]
[(3.65, 14.02), (3.65, 14.02), (4.36, 14.73), (5.24, 15.22), (6.24, 15.24), (6.640000000000001, 14.32), (6.67, 13.32), (6.7, 12.32), (6.71, 11.32), (6.01, 10.6), (5.0200000000000005, 10.44), (4.4, 9.65), (4.3100000000000005, 8.65), (4.23, 7.65), (4.25, 6.65), (4.3, 5.65), (4.36, 4.65), (5.19, 4.09), (6.19, 4.22), (6.5, 5.18), (6.69, 6.17), (6.7700000000000005, 6.63)]
[(10.6, 12.040000000000001), (10.6, 12.040000000000001), (10.74, 13.040000000000001), (10.540000000000001, 14.02), (9.72, 14.6), (9.18, 15.450000000000001), (9.01, 16.44), (8.85, 17.43), (8.73, 18.43), (8.6, 19.43), (7.68, 19.84), (6.67, 19.84), (6.08, 20.66), (5.9, 21.45)]
[(4.55, 16.06), (4.55, 16.06), (5.55, 16.07), (6.5200000000000005, 16.32), (6.55, 17.32), (6.57, 18.32), (6.58, 19.32), (5.95, 20.1), (5.2700000000000005, 20.85), (4.76, 21.67)]
[(5.63, 15.530000000000001), (5.63, 15.530000000000001), (6.5600000000000005, 15.14), (6.65, 14.14), (6.68, 13.14), (6.71, 12.14), (6.75, 11.14), (6.78, 10.14), (6.88, 9.3)]
[(4.94, 18.13), (4.94, 18.13), (5.67, 17.43), (6.4, 16.740000000000002), (6.57, 15.75), (6.63, 14.75), (6.65, 13.75), (6.68, 12.75), (6.7, 11.75), (6.62, 10.75), (5.64, 10.53), (4.71, 10.15), (4.3500000000000005, 9.21), (4.28, 8.21), (4.21, 7.21), (4.18, 6.21), (4.15, 5.21), (4.13, 4.21), (4.12, 4.0200000000000005)]
[(8.76, 10.44), (8.76, 10.44), (8.11, 11.21), (7.46, 11.98), (7.17, 12.94), (7.04, 13.94), (6.97, 14.94), (6.9, 15.94), (6.82, 16.94), (6.75, 17.94), (6.68, 18.94), (6.68, 18.94)]
[(4.3, 5.24), (4.3, 5.24), (4.43, 4.24), (5.42, 4.08), (6.36, 4.44), (6.55, 5.15)]
[(8.83, 3.44), (8.83, 3.44), (7.84, 3.6), (6.8500000000000005, 3.77), (5.86, 3.95), (4.87, 4.12), (4.34, 4.97), (4.29, 5.97), (4.23, 6.97), (4.26, 7.97), (4.33, 8.97), (4.53, 9.950000000000001), (5.38, 10.5), (6.37, 10.65), (6.71, 11.6), (6.69, 12.6), (6.66, 13.6), (6.63, 14.6), (6.61, 15.6), (6.61, 16.6), (6.6000000000000005, 17.6), (6.59, 18.6), (6.390000000000001, 19.59), (5.99, 19.7)]
[(5.24, 17.88), (5.24, 17.88), (6.18, 18.240000000000002), (6.58, 19.16), (6.22, 20.1), (6.16, 20.47)]
[(2.36, 7.03), (2.36, 7.03), (3.33, 6.76), (3.86, 5.91), (3.85, 4.91), (3.81, 3.91), (3.22, 3.09), (2.71, 2.22), (2.45, 1.25), (1.57, 0.76), (0.66, 0.56)]
[(4.13, 6.24), (4.13, 6.24), (4.2, 7.24), (4.29, 8.24), (4.36, 9.24), (4.67, 10.200000000000001), (5.62, 10.540000000000001), (6.61, 10.74), (6.7700000000000005, 11.73), (6.8100000000000005, 12.73), (6.8100000000000005, 13.74), (6.8100000000000005, 14.75), (6.8100000000000005, 15.76), (6.8100000000000005, 16.76), (6.8100000000000005, 17.77), (7.01, 18.75), (7.41, 19.67), (7.8100000000000005, 20.6), (8.06, 21.580000000000002), (8.86, 22.19), (9.3, 22.52)]
[(6.26, 22.1), (6.26, 22.1), (6.18, 21.1), (6.22, 20.1), (6.58, 19.16), (6.5600000000000005, 18.16), (6.54, 17.16), (6.44, 16.16), (5.5600000000000005, 15.67), (4.67, 15.200000000000001), (4.38, 15.040000000000001)]
[(5.92, 1.48), (5.92, 1.48), (6.17, 2.45), (6.43, 3.42), (6.57, 4.42), (6.71, 5.42), (7.46, 6.09), (8.45, 6.24), (9.44, 6.4), (9.540000000000001, 6.42)]
[(5.69, 3.45), (5.69, 3.45), (5.84, 2.46), (5.15, 2.16)]
[(3.13, 15.5), (3.13, 15.5), (4.13, 15.42), (5.13, 15.34), (6.13, 15.26), (6.76, 14.48), (6.98, 13.5), (7.21, 12.52), (7.96, 11.85), (8.91, 11.5), (9.33, 11.35)]
[(4.51, 1.23), (4.51, 1.23), (5.28, 1.8800000000000001), (6.04, 2.5300000000000002), (5.58, 3.43), (4.75, 4.01), (4.3500000000000005, 4.93), (4.29, 5.93), (4.23, 6.93), (4.2700000000000005, 7.930000000000001), (4.33, 8.93), (4.5600000000000005, 9.91), (5.37, 10.5), (6.36, 10.65), (7.23, 11.16), (8.06, 11.74), (8.72, 12.5), (8.76, 13.5), (8.78, 14.5), (8.790000000000001, 14.790000000000001)]
[(10.82, 21.55), (10.82, 21.55), (10.51, 20.59), (9.75, 19.93), (9.06, 19.2), (8.75, 18.240000000000002), (8.75, 17.23), (8.75, 16.22), (8.75, 15.21), (8.75, 14.200000000000001), (8.75, 13.19), (8.65, 12.19), (7.84, 11.58), (7.01, 11.01), (6.09, 10.61), (5.1000000000000005, 10.44), (4.39, 9.73), (4.17, 8.75), (3.96, 7.7700000000000005), (3.31, 7.01), (2.69, 7.8), (2.64, 8.33)]
[(6.5200000000000005, 4.26), (6.5200000000000005, 4.26), (5.53, 4.08), (4.53, 4.17), (4.16, 5.1000000000000005), (3.89, 6.07), (3.16, 6.76), (2.16, 6.83), (1.16, 6.88), (0.49, 6.92)]
[(8.44, 6.22), (8.44, 6.22), (7.44, 6.08), (6.68, 5.43), (6.37, 4.47), (5.44, 4.08), (4.44, 4.23), (4.33, 5.23), (4.2700000000000005, 6.23), (4.22, 7.23), (4.29, 8.23), (4.36, 9.23), (4.71, 10.17), (5.64, 10.540000000000001), (6.63, 10.69), (7.62, 10.88), (8.59, 10.620000000000001), (8.99, 10.5)]
[(1.06, 6.59), (1.06, 6.59), (2.05, 6.75), (3.04, 6.91), (3.91, 7.41), (4.12, 8.39), (4.33, 9.370000000000001), (4.7700000000000005, 10.27), (5.73, 10.55), (6.72, 10.73), (7.69, 10.99), (8.66, 11.25), (9.63, 11.51), (10.39, 11.72)]
[(4.24, 21.44), (4.24, 21.44), (5.0, 20.79), (5.76, 20.13), (6.5200000000000005, 19.46), (6.6000000000000005, 18.46), (6.62, 17.46), (6.63, 16.46), (6.65, 15.46), (6.67, 14.46), (6.69, 13.46), (6.7, 12.98)]
[(4.75, 2.57), (4.75, 2.57), (5.75, 2.5), (5.5, 3.48), (4.68, 4.0600000000000005), (4.33, 5.0), (4.25, 6.0), (4.17, 7.0), (4.08, 8.0), (4.03, 8.68)]
[(7.48, 21.61), (7.48, 21.61), (7.63, 20.62), (7.54, 19.62), (7.04, 18.75), (6.8100000000000005, 17.77), (6.79, 16.77), (6.78, 15.77), (6.76, 14.77), (6.75, 13.77), (6.74, 12.77), (6.72, 11.77), (6.640000000000001, 10.77), (5.66, 10.540000000000001), (4.72, 10.19), (4.3500000000000005, 9.26), (4.28, 8.26), (4.21, 7.26), (4.2700000000000005, 6.26), (4.33, 5.26), (4.42, 4.26), (5.41, 4.08), (6.3500000000000005, 4.43), (6.44, 5.43), (6.5, 6.43), (6.5200000000000005, 6.76)]
[(3.94, 18.73), (3.94, 18.73), (4.36, 19.650000000000002), (5.36, 19.79), (6.36, 19.8), (7.36, 19.81), (8.36, 19.71), (8.85, 18.830000000000002), (8.92, 17.830000000000002), (8.97, 16.830000000000002), (9.85, 16.330000000000002), (9.89, 16.31)]
[(0.6900000000000001, 6.75), (0.6900000000000001, 6.75), (1.69, 6.83), (2.69, 6.92), (3.69, 7.07), (4.04, 8.01), (4.25, 8.99), (4.57, 9.94), (5.37, 10.56), (6.37, 10.67), (7.3, 11.040000000000001), (8.21, 11.47), (8.56, 11.63)]
[(9.93, 20.13), (9.93, 20.13), (9.200000000000001, 19.43), (8.99, 18.45), (8.92, 17.45), (8.950000000000001, 16.45), (8.99, 15.49)]
[(5.63, 1.79), (5.63, 1.79), (6.18, 2.63), (5.57, 3.43), (4.75, 4.01), (4.3500000000000005, 4.93), (4.29, 5.93), (4.23, 6.93), (4.26, 7.930000000000001), (4.33, 8.93), (4.54, 9.91), (5.32, 10.540000000000001), (6.32, 10.67), (7.21, 11.15), (8.040000000000001, 11.72), (8.71, 12.47), (8.75, 13.47), (8.75, 14.48), (8.76, 15.48), (8.76, 16.490000000000002), (8.76, 16.87)]
[(6.8, 14.84), (6.8, 14.84), (6.78, 13.84), (6.75, 12.84), (6.73, 11.84), (6.67, 10.84), (5.75, 10.43), (4.76, 10.23), (4.48, 9.27), (4.55, 9.13)]
[(7.5, 21.43), (7.5, 21.43), (8.0, 20.55), (8.49, 19.67), (8.74, 18.7), (8.76, 17.7), (8.78, 16.7), (8.8, 15.700000000000001), (8.81, 15.01)]
[(4.18, 14.93), (4.18, 14.93), (5.0600000000000005, 15.41), (5.95, 15.89), (6.59, 16.66), (6.8, 17.64), (7.12, 18.59), (7.17, 18.6)]
[(5.12, 17.93), (5.12, 17.93), (5.86, 17.240000000000002), (6.53, 16.490000000000002), (6.59, 15.49), (6.63, 14.49), (6.66, 13.49), (6.69, 12.49), (6.71, 11.49), (6.16, 10.65), (5.69, 10.620000000000001)]
[(4.57, 14.68), (4.57, 14.68), (5.24, 15.43), (6.1000000000000005, 15.950000000000001), (6.01, 16.95), (5.14, 17.45), (4.15, 17.62), (4.1, 17.63)]
[(10.700000000000001, 14.15), (10.700000000000001, 14.15), (10.75, 13.15), (10.38, 12.3)]
[(3.66, 1.76), (3.66, 1.76), (4.61, 2.08), (5.5600000000000005, 2.4), (5.62, 3.4), (4.8, 3.98), (4.32, 4.86), (4.2, 5.86), (4.08, 6.86), (3.95, 7.86), (3.84, 8.81)]
[(5.83, 12.46), (5.83, 12.46), (5.4, 13.370000000000001), (4.98, 14.280000000000001), (4.99, 15.280000000000001), (5.8500000000000005, 15.8), (6.53, 16.54), (5.9, 17.330000000000002), (5.25, 18.09), (5.16, 18.2)]
