[(5.0, 4.34), (5.0, 4.34), (4.67, 3.39), (3.79, 2.91), (2.81, 2.67), (1.83, 2.43), (1.35, 2.13)]
[(2.89, 7.22), (2.89, 7.22), (3.7, 6.62), (4.63, 6.25), (4.91, 6.19)]
[(6.12, 5.79), (6.12, 5.79), (5.23, 6.25), (4.23, 6.33), (3.25, 6.5600000000000005), (2.27, 6.8), (2.08, 6.8500000000000005)]
[(10.71, 1.24), (10.71, 1.24), (9.85, 1.77), (8.99, 2.29), (8.0, 2.48), (7.0, 2.59), (6.0, 2.69), (5.37, 2.89)]
[(1.92, 5.84), (1.92, 5.84), (2.92, 5.91), (3.92, 5.97), (4.73, 5.38), (5.03, 4.42), (5.2700000000000005, 3.44), (5.96, 2.71), (6.96, 2.66), (7.96, 2.61), (8.96, 2.56), (9.83, 2.5100000000000002)]
[(10.620000000000001, 2.8000000000000003), (10.620000000000001, 2.8000000000000003), (9.620000000000001, 2.7600000000000002), (8.620000000000001, 2.72), (7.62, 2.72), (6.62, 2.73), (5.61, 2.73), (5.26, 3.67), (5.14, 4.67), (5.09, 5.67), (5.94, 6.2), (6.94, 6.15), (7.9, 6.46), (8.47, 6.640000000000001)]
[(10.49, 4.72), (10.49, 4.72), (9.9, 5.54), (8.94, 5.82), (7.94, 5.84), (7.49, 5.84)]
[(10.49, 1.16), (10.49, 1.16), (9.69, 1.77), (8.86, 2.33), (7.87, 2.48), (6.87, 2.5300000000000002), (5.87, 2.58), (5.87, 2.58)]
[(9.78, 2.71), (9.78, 2.71), (8.78, 2.61), (7.78, 2.5100000000000002), (6.78, 2.41), (6.13, 1.6500000000000001), (6.12, 1.33)]
[(11.06, 2.2800000000000002), (11.06, 2.2800000000000002), (10.06, 2.36), (9.06, 2.45), (8.06, 2.5300000000000002), (7.0600000000000005, 2.61), (6.0600000000000005, 2.69), (5.28, 3.3200000000000003), (5.0200000000000005, 4.29), (4.75, 5.26), (4.07, 6.0), (3.06, 6.0), (2.06, 6.01), (1.59, 6.01)]
[(7.73, 7.3100000000000005), (7.73, 7.3100000000000005), (7.2, 6.46), (6.23, 6.18), (5.23, 6.26), (4.23, 6.33), (3.24, 6.5), (2.5, 6.63)]
[(6.05, 2.0300000000000002), (6.05, 2.0300000000000002), (5.44, 2.84), (5.23, 3.8200000000000003), (5.13, 4.82), (5.09, 5.82), (6.0200000000000005, 6.19), (7.0200000000000005, 6.22), (7.46, 7.12), (7.87, 8.040000000000001), (7.91, 8.13)]
[(1.32, 2.1), (1.32, 2.1), (2.22, 2.56), (3.2, 2.7800000000000002), (4.18, 3.0100000000000002), (4.69, 3.88), (4.78, 4.88), (4.8, 5.12)]
[(11.5, 1.9100000000000001), (11.5, 1.9100000000000001), (10.51, 2.07), (9.52, 2.24), (8.53, 2.4), (7.53, 2.5), (6.53, 2.57), (5.53, 2.63), (4.53, 2.7), (3.96, 2.27)]
[(3.19, 5.97), (3.19, 5.97), (4.19, 5.99), (4.82, 5.21), (5.16, 4.26), (5.33, 3.27), (5.76, 2.36), (6.0200000000000005, 1.95)]
[(3.39, 5.07), (3.39, 5.07), (4.04, 5.84), (4.75, 5.13), (4.96, 4.15), (5.04, 3.8000000000000003)]
[(3.74, 0.85), (3.74, 0.85), (3.89, 1.84), (4.24, 2.79), (4.71, 3.68), (4.87, 4.67), (5.03, 5.66), (5.91, 6.15), (6.9, 5.98), (7.890000000000001, 5.8), (8.57, 5.33)]
[(7.68, 5.96), (7.68, 5.96), (6.68, 6.08), (5.68, 6.2), (4.98, 5.48), (4.83, 4.49), (4.67, 3.5), (3.89, 2.87), (2.95, 2.52), (1.95, 2.43), (1.06, 1.96), (0.89, 1.84)]
[(6.65, 3.96), (6.65, 3.96), (5.65, 3.91), (5.13, 4.7700000000000005), (5.09, 5.7700000000000005), (5.67, 6.05)]
[(1.55, 5.0200000000000005), (1.55, 5.0200000000000005), (2.5, 5.36), (3.45, 5.71), (4.4, 6.03), (5.38, 6.23), (6.38, 6.140000000000001), (7.38, 6.04), (8.38, 5.93), (9.38, 5.83), (10.13, 5.16), (10.66, 4.3100000000000005), (10.790000000000001, 4.1)]
[(4.8100000000000005, 6.53), (4.8100000000000005, 6.53), (5.8, 6.33), (6.79, 6.140000000000001), (7.79, 6.11), (8.790000000000001, 6.09), (9.790000000000001, 6.0600000000000005), (10.790000000000001, 6.13), (10.98, 6.16)]
[(9.06, 6.12), (9.06, 6.12), (8.06, 6.13), (7.0600000000000005, 6.140000000000001), (6.0600000000000005, 6.19), (5.08, 5.99), (5.0, 5.51)]
[(9.31, 0.9500000000000001), (9.31, 0.9500000000000001), (9.15, 1.94), (8.32, 2.5), (7.32, 2.58), (6.32, 2.67), (5.37, 3.02), (5.11, 3.99), (4.84, 4.96), (4.5200000000000005, 5.92), (3.84, 6.66), (3.36, 7.54), (3.11, 8.0)]
[(4.99, 5.7700000000000005), (4.99, 5.7700000000000005), (5.89, 6.21), (6.890000000000001, 6.140000000000001), (7.890000000000001, 6.13), (8.89, 6.12), (8.950000000000001, 6.12)]
[(5.74, 6.66), (5.74, 6.66), (5.0600000000000005, 5.92), (4.82, 4.94), (4.65, 3.95), (4.41, 2.97), (3.83, 2.15), (3.73, 1.95)]
[(7.6000000000000005, 8.63), (7.6000000000000005, 8.63), (7.4, 7.65), (7.19, 6.67), (6.32, 6.17), (5.32, 6.23), (5.14, 5.24), (5.16, 4.24), (5.34, 3.25), (5.76, 2.33), (6.08, 1.37), (6.66, 0.55), (6.66, 0.55)]
[(0.8200000000000001, 5.15), (0.8200000000000001, 5.15), (1.8, 5.39), (2.7800000000000002, 5.63), (3.7600000000000002, 5.87), (4.74, 6.12), (5.74, 6.21), (6.74, 6.15), (7.3500000000000005, 6.95), (7.640000000000001, 7.83)]
[(5.18, 6.51), (5.18, 6.51), (5.11, 5.51), (5.15, 4.51), (5.29, 3.5100000000000002), (5.93, 2.74), (6.49, 2.8000000000000003)]
[(7.29, 7.72), (7.29, 7.72), (7.15, 6.72), (6.3100000000000005, 6.17), (5.3100000000000005, 6.23), (4.75, 5.4), (4.68, 5.2700000000000005)]
[(1.79, 7.5), (1.79, 7.5), (2.66, 7.0), (3.54, 6.5), (4.41, 6.0), (4.7, 5.04), (4.79, 4.08)]
[(2.49, 5.16), (2.49, 5.16), (3.4, 5.59), (4.32, 6.0), (4.65, 5.05), (4.65, 4.04), (4.5, 3.04), (4.43, 2.93)]
[(5.54, 3.87), (5.54, 3.87), (5.42, 2.87), (5.89, 1.98), (5.91, 1.29)]
[(8.88, 6.05), (8.88, 6.05), (7.88, 6.09), (6.88, 6.13), (5.88, 6.21), (4.88, 6.28), (3.88, 6.4), (2.9, 6.640000000000001), (1.92, 6.88), (1.07, 7.08)]
[(1.22, 0.98), (1.22, 0.98), (1.33, 1.98), (2.17, 2.5300000000000002), (3.15, 2.7600000000000002), (4.13, 3.0), (4.72, 3.81), (4.88, 4.8), (5.05, 5.79), (5.98, 6.18), (6.98, 6.08), (7.98, 5.97), (8.98, 5.87), (9.91, 5.49), (10.38, 4.6000000000000005), (10.540000000000001, 4.3)]
[(0.76, 2.04), (0.76, 2.04), (1.7, 2.4), (2.7, 2.5300000000000002), (3.7, 2.65), (4.7, 2.7), (5.7, 2.65), (6.7, 2.61), (7.7, 2.56), (8.700000000000001, 2.52), (9.700000000000001, 2.47), (9.71, 2.47)]
[(8.01, 5.73), (8.01, 5.73), (7.03, 5.96), (6.04, 6.12), (5.08, 5.83), (5.13, 4.83), (5.22, 3.83), (5.44, 2.85), (5.88, 1.95), (5.87, 1.25)]
[(2.77, 5.83), (2.77, 5.83), (3.7600000000000002, 5.99), (4.75, 6.140000000000001), (5.75, 6.21), (6.75, 6.15), (7.7, 6.47), (8.49, 6.8)]
[(5.07, 5.03), (5.07, 5.03), (5.18, 4.03), (5.38, 3.04), (6.3100000000000005, 2.66), (7.3100000000000005, 2.5500000000000003), (8.31, 2.44), (9.28, 2.17), (10.200000000000001, 1.77), (10.57, 1.61)]
[(9.82, 0.37), (9.82, 0.37), (9.450000000000001, 1.3), (9.07, 2.23), (8.1, 2.5), (7.12, 2.72), (6.79, 2.8000000000000003)]
[(5.64, 3.63), (5.64, 3.63), (5.99, 2.69), (6.99, 2.59), (7.99, 2.48), (8.98, 2.3000000000000003), (9.950000000000001, 2.04), (10.92, 1.77), (11.36, 1.6500000000000001)]
[(9.21, 1.01), (9.21, 1.01), (9.13, 2.0100000000000002), (8.23, 2.45), (7.23, 2.56), (6.23, 2.67), (5.3500000000000005, 3.17), (5.16, 4.16), (5.12, 5.16), (5.18, 6.16), (5.96, 6.08)]
[(4.76, 3.39), (4.76, 3.39), (4.7, 4.39), (4.65, 5.39), (4.15, 6.2700000000000005), (3.54, 7.08), (2.99, 7.92), (2.94, 8.0)]
[(5.36, 1.28), (5.36, 1.28), (5.88, 2.14), (5.4, 3.02), (6.2700000000000005, 3.5300000000000002), (6.38, 3.5500000000000003)]
[(6.98, 3.56), (6.98, 3.56), (6.0, 3.79), (5.13, 4.29), (4.94, 5.28), (4.91, 5.44)]
[(8.47, 4.47), (8.47, 4.47), (8.65, 5.46), (9.59, 5.8100000000000005), (10.26, 5.0600000000000005), (10.86, 4.26), (11.05, 4.0)]
[(7.48, 7.0), (7.48, 7.0), (6.93, 6.15), (5.93, 6.19), (5.09, 5.64), (5.14, 4.64), (5.19, 3.64), (5.54, 2.69), (5.75, 1.71), (5.28, 1.34)]
[(8.44, 4.42), (8.44, 4.42), (8.56, 5.42), (7.65, 5.8500000000000005), (6.66, 6.0200000000000005), (5.67, 6.19), (5.1000000000000005, 5.36), (5.15, 4.36), (5.3100000000000005, 3.37), (5.71, 2.44), (5.8, 1.44), (5.8, 1.41)]
[(0.86, 0.64), (0.86, 0.64), (1.18, 1.59), (1.74, 2.42), (2.65, 2.84), (3.64, 3.0300000000000002), (4.62, 3.23), (4.8, 4.22), (4.96, 5.21), (5.21, 6.19), (6.21, 6.09), (7.15, 5.93)]
[(2.33, 6.29), (2.33, 6.29), (3.33, 6.2700000000000005), (4.33, 6.25), (5.33, 6.23), (6.33, 6.140000000000001), (7.33, 6.04), (8.33, 5.94), (9.33, 5.84), (10.26, 5.47), (10.46, 5.3500000000000005)]
[(7.87, 7.15), (7.87, 7.15), (7.19, 6.4), (6.21, 6.18), (5.2, 6.18), (5.11, 5.18), (5.16, 4.18), (5.36, 3.2), (5.39, 3.0500000000000003)]
[(10.6, 4.89), (10.6, 4.89), (9.89, 5.6000000000000005), (8.93, 5.88), (7.930000000000001, 5.98), (6.93, 6.08), (5.93, 6.18), (5.08, 5.65), (5.07, 4.65), (5.07, 3.65), (5.07, 3.59)]
[(8.870000000000001, 6.93), (8.870000000000001, 6.93), (7.94, 6.5600000000000005), (7.01, 6.18), (6.01, 6.19), (5.08, 5.82), (5.15, 4.82), (5.22, 3.8200000000000003), (5.45, 2.84), (6.44, 2.64), (7.44, 2.54), (8.44, 2.42), (9.370000000000001, 2.05), (10.21, 1.5), (11.05, 0.9500000000000001), (11.5, 0.66)]
[(10.21, 2.52), (10.21, 2.52), (9.21, 2.57), (8.21, 2.61), (7.21, 2.66), (6.21, 2.7), (5.34, 3.22), (5.16, 4.21), (5.11, 5.21), (5.24, 6.21), (6.24, 6.18), (7.21, 6.47), (7.3500000000000005, 6.68)]
[(10.27, 1.6500000000000001), (10.27, 1.6500000000000001), (9.370000000000001, 2.1), (8.44, 2.48), (7.44, 2.57), (6.44, 2.66), (5.45, 2.83), (6.0600000000000005, 3.63), (6.38, 3.8000000000000003)]
[(5.1000000000000005, 2.97), (5.1000000000000005, 2.97), (6.01, 2.54), (7.01, 2.46), (8.02, 2.46), (9.01, 2.2800000000000002), (9.32, 1.32), (9.48, 0.68)]
[(4.69, 3.2800000000000002), (4.69, 3.2800000000000002), (4.83, 4.28), (4.98, 5.2700000000000005), (5.29, 6.23), (6.29, 6.140000000000001), (7.29, 6.04), (8.290000000000001, 5.94), (9.290000000000001, 5.84), (10.05, 5.19), (10.4, 4.49)]
[(10.040000000000001, 0.84), (10.040000000000001, 0.84), (9.46, 1.67), (8.73, 2.36), (7.74, 2.5100000000000002), (6.74, 2.61), (5.74, 2.72), (5.2700000000000005, 3.61), (5.14, 4.61), (5.1000000000000005, 5.61), (5.91, 6.2), (6.91, 6.140000000000001), (7.91, 6.11), (8.91, 6.09), (9.91, 6.0600000000000005), (10.790000000000001, 6.2)]
[(10.71, 3.89), (10.71, 3.89), (10.25, 4.79), (9.790000000000001, 5.69), (8.81, 5.89), (7.8100000000000005, 5.99), (6.8100000000000005, 6.09), (5.8100000000000005, 6.19), (4.8100000000000005, 6.24), (3.81, 6.26), (2.81, 6.28), (1.81, 6.29), (1.53, 6.3)]
[(6.33, 0.41000000000000003), (6.33, 0.41000000000000003), (6.13, 1.3900000000000001), (6.38, 2.36), (7.38, 2.42), (8.38, 2.43), (9.13, 1.76), (9.15, 1.37)]
[(9.21, 1.58), (9.21, 1.58), (8.61, 2.38), (7.61, 2.49), (6.61, 2.5300000000000002), (6.41, 2.54)]
[(7.37, 7.5600000000000005), (7.37, 7.5600000000000005), (7.17, 6.58), (6.25, 6.17), (5.25, 6.21), (5.14, 5.21), (5.16, 4.21), (5.34, 3.22), (6.18, 2.67), (7.18, 2.57), (8.18, 2.47), (9.18, 2.37), (10.18, 2.27), (10.32, 2.2600000000000002)]
[(2.42, 7.0600000000000005), (2.42, 7.0600000000000005), (3.31, 6.59), (4.2, 6.11), (4.79, 5.3), (5.1000000000000005, 4.34), (6.0, 3.89), (6.57, 3.87)]
[(2.98, 6.33), (2.98, 6.33), (3.96, 6.1000000000000005), (4.73, 5.46), (4.99, 4.49), (5.24, 3.52), (5.83, 2.71), (6.83, 2.6), (7.83, 2.5), (8.82, 2.34), (9.450000000000001, 1.74)]
[(1.86, 7.38), (1.86, 7.38), (2.74, 6.9), (3.63, 6.42), (4.51, 5.94), (4.83, 4.99), (5.1000000000000005, 4.0200000000000005), (5.36, 3.0500000000000003), (5.62, 2.57)]
[(9.35, 0.92), (9.35, 0.92), (9.16, 1.9100000000000001), (8.31, 2.44), (7.3100000000000005, 2.5500000000000003), (6.3100000000000005, 2.66), (5.38, 3.0300000000000002), (5.19, 4.0200000000000005), (5.12, 5.0200000000000005), (5.09, 6.0200000000000005), (6.08, 6.19), (7.08, 6.28), (7.54, 7.18), (7.7, 7.51)]
[(9.19, 1.26), (9.19, 1.26), (9.040000000000001, 2.2600000000000002), (8.06, 2.47), (7.0600000000000005, 2.58), (6.0600000000000005, 2.68), (5.32, 3.36), (5.15, 4.3500000000000005), (5.11, 5.3500000000000005), (5.63, 6.21), (6.63, 6.11), (7.63, 6.01), (8.63, 5.91), (9.63, 5.8), (10.61, 5.58), (10.71, 5.5600000000000005)]
[(10.0, 4.1), (10.0, 4.1), (9.89, 5.1000000000000005), (9.44, 6.0), (8.68, 6.65), (8.0, 7.390000000000001), (8.11, 8.39), (8.15, 8.700000000000001)]
[(1.29, 5.42), (1.29, 5.42), (2.2800000000000002, 5.61), (3.27, 5.8100000000000005), (4.26, 6.0), (4.82, 5.17), (5.07, 4.2), (5.32, 3.23), (6.07, 2.56), (7.07, 2.46), (8.08, 2.46), (9.06, 2.24), (9.67, 1.44), (10.290000000000001, 0.64), (10.290000000000001, 0.64)]
[(8.93, 5.99), (8.93, 5.99), (7.930000000000001, 6.0600000000000005), (6.93, 6.12), (5.93, 6.19), (5.09, 5.64), (5.14, 4.64), (5.26, 3.64), (5.48, 2.66), (5.54, 2.45)]
[(3.49, 0.8200000000000001), (3.49, 0.8200000000000001), (3.7800000000000002, 1.78), (4.13, 2.72), (4.68, 3.56), (4.84, 4.55), (4.89, 4.83)]
[(7.13, 6.88), (7.13, 6.88), (6.43, 6.16), (5.43, 6.23), (5.13, 5.2700000000000005), (5.16, 4.2700000000000005), (5.33, 3.2800000000000002), (6.140000000000001, 2.68), (7.140000000000001, 2.57), (8.14, 2.47), (9.11, 2.2), (9.68, 1.71)]
[(9.74, 1.2), (9.74, 1.2), (9.19, 2.04), (8.290000000000001, 2.48), (7.29, 2.57), (6.29, 2.67), (5.37, 3.0700000000000003), (5.18, 4.0600000000000005), (5.12, 5.0600000000000005), (5.11, 6.0600000000000005), (6.11, 6.19), (7.11, 6.32), (7.3, 7.3100000000000005), (7.3100000000000005, 7.390000000000001)]
[(0.87, 5.93), (0.87, 5.93), (1.87, 5.95), (2.87, 5.97), (3.87, 5.99), (4.73, 5.47), (4.98, 4.5), (5.24, 3.5300000000000002), (5.76, 2.67), (6.74, 2.46), (7.75, 2.46), (8.75, 2.35), (9.33, 1.53), (9.39, 1.34)]
[(3.15, 3.16), (3.15, 3.16), (4.15, 3.0300000000000002), (4.82, 3.7800000000000002), (5.08, 4.75), (5.08, 5.76), (5.68, 6.5600000000000005), (5.91, 6.74)]
[(2.24, 5.42), (2.24, 5.42), (3.21, 5.7), (4.18, 5.98), (4.8, 5.19), (5.0600000000000005, 4.22), (5.3100000000000005, 3.25), (6.04, 2.5500000000000003), (7.04, 2.46), (8.040000000000001, 2.46), (9.03, 2.2600000000000002), (9.66, 1.47), (10.25, 0.71)]
[(9.790000000000001, 1.93), (9.790000000000001, 1.93), (8.870000000000001, 2.33), (7.88, 2.48), (6.88, 2.5500000000000003), (5.88, 2.61), (4.88, 2.68), (3.98, 2.24), (3.99, 1.24), (4.0, 0.5)]
[(9.09, 6.08), (9.09, 6.08), (8.09, 6.11), (7.09, 6.13), (6.09, 6.18), (5.09, 6.03), (5.12, 5.03), (5.18, 4.03), (5.38, 3.0500000000000003), (5.88, 2.17), (5.9, 1.17), (5.9, 0.86)]
[(2.93, 7.15), (2.93, 7.15), (3.73, 6.54), (4.53, 5.92), (4.86, 4.97), (5.12, 4.0), (5.37, 3.0300000000000002), (6.21, 2.48), (7.21, 2.46), (8.21, 2.46), (9.15, 2.1), (9.65, 1.23), (9.74, 1.07)]
[(7.32, 7.8500000000000005), (7.32, 7.8500000000000005), (7.19, 6.8500000000000005), (6.46, 6.16), (5.46, 6.24), (4.46, 6.32), (3.47, 6.48), (2.49, 6.68), (1.5, 6.88), (0.98, 6.98)]
[(2.42, 7.74), (2.42, 7.74), (3.19, 7.09), (3.95, 6.44), (4.94, 6.28), (5.94, 6.21), (6.94, 6.13), (7.94, 6.0600000000000005), (8.94, 5.98), (9.94, 5.92), (10.89, 5.86)]
[(7.86, 8.16), (7.86, 8.16), (7.48, 7.23), (7.1000000000000005, 6.3), (6.1000000000000005, 6.18), (5.1000000000000005, 6.22), (4.61, 6.2)]
[(10.99, 1.9100000000000001), (10.99, 1.9100000000000001), (10.0, 2.11), (9.01, 2.3000000000000003), (8.02, 2.5), (7.03, 2.69), (6.03, 2.73), (5.2700000000000005, 3.38), (5.0, 4.3500000000000005), (4.74, 5.32), (3.7600000000000002, 5.53), (3.74, 5.5)]
[(7.29, 5.1000000000000005), (7.29, 5.1000000000000005), (7.3100000000000005, 4.1), (6.390000000000001, 3.68), (5.46, 3.3000000000000003), (6.24, 2.67), (7.24, 2.56), (8.24, 2.46), (9.200000000000001, 2.17), (9.74, 1.84)]
[(1.9000000000000001, 5.78), (1.9000000000000001, 5.78), (2.9, 5.91), (3.9, 6.04), (4.9, 6.17), (5.9, 6.2), (6.9, 6.140000000000001), (7.9, 6.11), (8.9, 6.09), (9.9, 6.0600000000000005), (10.69, 6.15)]
[(1.95, 2.69), (1.95, 2.69), (2.94, 2.84), (3.94, 2.98), (4.65, 3.69), (4.65, 4.69), (4.63, 5.69), (3.8200000000000003, 6.3), (2.92, 6.74), (2.02, 7.19), (1.47, 7.46)]
[(9.92, 4.65), (9.92, 4.65), (9.82, 5.65), (8.82, 5.66), (8.57, 4.69), (8.49, 3.85)]
[(10.41, 5.73), (10.41, 5.73), (9.41, 5.83), (8.41, 5.93), (7.41, 6.03), (6.41, 6.13), (5.41, 6.23), (5.13, 5.26), (5.16, 4.26), (5.33, 3.27), (6.140000000000001, 2.68), (7.140000000000001, 2.57), (8.14, 2.47), (9.1, 2.18), (9.36, 1.84)]
[(9.92, 0.85), (9.92, 0.85), (9.39, 1.71), (8.63, 2.38), (7.63, 2.52), (6.63, 2.62), (5.63, 2.73), (5.26, 3.66), (5.14, 4.66), (5.09, 5.66), (5.95, 6.18), (6.95, 6.08), (7.95, 5.98), (8.950000000000001, 5.88), (9.93, 5.67), (10.620000000000001, 5.37)]
[(10.76, 1.9100000000000001), (10.76, 1.9100000000000001), (9.78, 2.13), (8.8, 2.34), (7.8100000000000005, 2.5), (6.8100000000000005, 2.6), (5.8100000000000005, 2.71), (5.28, 3.56), (5.14, 4.5600000000000005), (5.1000000000000005, 5.5600000000000005), (5.91, 6.15), (6.9, 5.98), (7.890000000000001, 5.79), (8.56, 5.04), (8.56, 4.03), (8.56, 3.93)]
[(0.79, 1.23), (0.79, 1.23), (1.33, 2.08), (2.17, 2.63), (3.13, 2.92), (4.13, 3.02), (4.79, 3.7800000000000002), (5.08, 4.75), (5.08, 5.76), (5.96, 6.24), (6.38, 6.24)]
[(1.92, 6.43), (1.92, 6.43), (2.91, 6.26), (3.9, 6.08), (4.64, 5.4), (4.65, 4.4), (4.65, 3.4), (4.18, 2.81)]
[(7.36, 4.7), (7.36, 4.7), (6.69, 3.95), (5.69, 3.91), (5.13, 4.74), (5.09, 5.74), (5.99, 5.95)]
[(10.950000000000001, 4.4), (10.950000000000001, 4.4), (10.28, 5.15), (9.53, 5.82), (8.53, 5.92), (7.53, 6.0200000000000005), (6.53, 6.12), (5.53, 6.22), (4.54, 6.0600000000000005), (3.6, 5.69), (2.69, 5.2700000000000005), (2.61, 5.23)]
[(11.06, 0.98), (11.06, 0.98), (10.21, 1.52), (9.36, 2.06), (8.42, 2.42), (7.42, 2.5100000000000002), (6.42, 2.58), (5.42, 2.64), (4.42, 2.71), (3.43, 2.56), (2.62, 2.41)]
[(2.09, 2.71), (2.09, 2.71), (3.08, 2.86), (4.08, 3.0), (4.72, 3.77), (4.88, 4.76), (5.04, 5.75), (5.94, 6.19), (6.94, 6.11), (7.94, 6.03), (8.94, 5.96), (9.14, 5.94)]
[(10.42, 0.33), (10.42, 0.33), (9.84, 1.1500000000000001), (9.25, 1.97), (8.39, 2.49), (7.390000000000001, 2.58), (6.390000000000001, 2.66), (5.41, 2.89), (5.12, 3.86), (4.83, 4.82), (4.6000000000000005, 5.8), (3.86, 6.48), (3.81, 6.5200000000000005)]
[(1.29, 6.21), (1.29, 6.21), (2.3000000000000003, 6.21), (3.3000000000000003, 6.22), (4.3100000000000005, 6.22), (5.3100000000000005, 6.23), (6.3, 6.08), (7.29, 5.91), (8.27, 5.7), (8.56, 4.74), (8.56, 3.73), (8.56, 3.46)]
[(9.950000000000001, 4.3100000000000005), (9.950000000000001, 4.3100000000000005), (9.86, 5.3100000000000005), (9.03, 5.87), (8.03, 5.97), (7.03, 6.07), (6.03, 6.17), (5.05, 5.93), (4.69, 4.99), (4.67, 3.99), (4.32, 3.0500000000000003), (3.3200000000000003, 2.95), (3.11, 2.93)]
[(0.92, 5.42), (0.92, 5.42), (1.9100000000000001, 5.59), (2.9, 5.76), (3.89, 5.93), (4.75, 5.41), (5.1000000000000005, 4.47), (5.2700000000000005, 3.95)]
[(2.5300000000000002, 6.87), (2.5300000000000002, 6.87), (3.44, 6.45), (4.3500000000000005, 6.03), (4.73, 5.1000000000000005), (4.89, 4.11), (5.05, 3.12), (5.05, 3.11)]
