[(1.73, 1.57), (1.73, 1.57), (2.6, 2.07), (3.47, 2.57), (4.25, 3.2), (4.3, 4.2), (4.34, 4.95)]
[(3.59, 6.59), (3.59, 6.59), (4.15, 5.76), (4.72, 4.93), (5.57, 4.39), (6.57, 4.29), (6.88, 4.26)]
[(2.48, 6.09), (2.48, 6.09), (3.0300000000000002, 5.25), (3.59, 4.41), (4.14, 3.5700000000000003), (3.72, 2.66), (2.89, 2.1), (2.24, 1.33), (1.59, 0.56), (1.53, 0.49)]
[(4.59, 6.94), (4.59, 6.94), (4.74, 5.95), (4.89, 4.96), (5.12, 3.98), (5.38, 3.0100000000000002), (5.65, 2.04), (6.140000000000001, 1.5)]
[(4.8500000000000005, 5.38), (4.8500000000000005, 5.38), (5.11, 4.41), (5.8, 3.68), (6.5, 2.95), (6.74, 2.7)]
[(5.38, 4.41), (5.38, 4.41), (4.73, 3.64), (4.04, 2.91), (3.06, 2.66), (2.08, 2.42), (1.69, 2.33)]
[(6.5600000000000005, 0.31), (6.5600000000000005, 0.31), (6.3100000000000005, 1.28), (5.58, 1.97), (4.99, 2.79), (4.37, 3.59), (3.7600000000000002, 4.39), (3.14, 5.19), (2.5300000000000002, 5.99), (1.9100000000000001, 6.79), (1.78, 6.96)]
[(0.99, 2.61), (0.99, 2.61), (1.99, 2.7), (2.99, 2.8000000000000003), (3.99, 2.89), (4.82, 3.47), (5.62, 4.08), (5.98, 4.3500000000000005)]
[(7.33, 2.47), (7.33, 2.47), (6.33, 2.5100000000000002), (5.33, 2.5500000000000003), (4.33, 2.6), (3.34, 2.41), (2.58, 1.74), (1.93, 0.98), (1.53, 0.51)]
[(3.5300000000000002, 5.95), (3.5300000000000002, 5.95), (3.8000000000000003, 4.98), (4.07, 4.01), (4.2, 3.0100000000000002), (3.22, 2.79), (2.27, 2.69)]
[(1.95, 1.1300000000000001), (1.95, 1.1300000000000001), (2.64, 1.86), (3.4, 2.5100000000000002), (4.24, 3.0700000000000003), (4.22, 4.07), (4.2, 5.07), (4.17, 6.07), (4.16, 6.5600000000000005)]
[(4.45, 5.6000000000000005), (4.45, 5.6000000000000005), (4.37, 4.6000000000000005), (4.29, 3.6), (3.8000000000000003, 2.72), (2.95, 2.17), (2.4, 1.33), (2.31, 1.19)]
[(4.5, 4.59), (4.5, 4.59), (4.33, 3.6), (3.8000000000000003, 2.74), (2.95, 2.21), (2.16, 1.59), (1.37, 0.97), (1.1500000000000001, 0.8)]
[(1.36, 0.72), (1.36, 0.72), (2.1, 1.41), (2.84, 2.09), (3.67, 2.67), (4.22, 3.5100000000000002), (4.0200000000000005, 4.49), (3.94, 4.88)]
[(2.11, 0.47000000000000003), (2.11, 0.47000000000000003), (2.56, 1.37), (3.02, 2.2600000000000002), (3.87, 2.79), (4.07, 3.77), (3.79, 4.38)]
[(2.25, 2.74), (2.25, 2.74), (3.25, 2.82), (4.24, 3.0), (5.13, 3.46), (5.8, 3.8000000000000003)]
[(6.36, 1.32), (6.36, 1.32), (5.58, 1.96), (4.79, 2.58), (3.7800000000000002, 2.58), (2.89, 2.12), (2.21, 1.3800000000000001), (2.11, 1.27)]
[(4.92, 6.87), (4.92, 6.87), (4.74, 5.88), (4.57, 4.89), (4.39, 3.9), (4.1, 2.93), (3.15, 2.6), (2.2, 2.27), (1.25, 1.93), (0.7000000000000001, 1.74)]
[(1.8900000000000001, 1.67), (1.8900000000000001, 1.67), (2.7800000000000002, 2.15), (3.7, 2.5500000000000003), (4.7, 2.64), (5.7, 2.68), (6.23, 2.7)]
[(6.49, 5.3100000000000005), (6.49, 5.3100000000000005), (5.99, 4.43), (5.2, 3.8000000000000003), (4.41, 3.17), (3.52, 2.71), (2.58, 2.35), (2.07, 2.15)]
[(3.11, 6.2), (3.11, 6.2), (3.49, 5.2700000000000005), (3.86, 4.34), (4.24, 3.41), (3.6, 2.64), (2.73, 2.12), (1.94, 1.6600000000000001)]
[(4.75, 6.3), (4.75, 6.3), (4.6000000000000005, 5.3100000000000005), (4.44, 4.32), (4.29, 3.33), (3.46, 2.7600000000000002), (2.49, 2.5100000000000002), (1.52, 2.2600000000000002), (1.09, 2.15)]
[(1.72, 2.27), (1.72, 2.27), (2.69, 2.54), (3.66, 2.8000000000000003), (4.24, 3.62), (4.23, 4.28)]
[(4.34, 5.68), (4.34, 5.68), (4.83, 4.8), (5.55, 4.09), (6.34, 3.47), (6.59, 3.2800000000000002)]
[(1.9000000000000001, 5.08), (1.9000000000000001, 5.08), (2.88, 4.88), (3.87, 4.69), (4.8500000000000005, 4.49), (5.8500000000000005, 4.45), (6.26, 5.37), (6.4, 6.37), (6.42, 6.48)]
[(4.3500000000000005, 3.5300000000000002), (4.3500000000000005, 3.5300000000000002), (5.23, 4.0200000000000005), (6.1000000000000005, 4.5200000000000005), (6.23, 5.5200000000000005), (6.24, 5.78)]
[(2.42, 2.66), (2.42, 2.66), (3.42, 2.63), (4.42, 2.6), (5.3100000000000005, 2.13), (5.33, 1.3)]
[(4.63, 6.84), (4.63, 6.84), (4.7700000000000005, 5.84), (4.91, 4.84), (5.15, 3.86), (5.42, 2.89), (5.69, 1.92), (6.390000000000001, 1.2), (6.5, 1.08)]
[(4.61, 2.82), (4.61, 2.82), (4.01, 3.62), (3.0700000000000003, 3.97), (2.48, 4.18)]
[(7.21, 4.22), (7.21, 4.22), (6.3, 3.8000000000000003), (5.39, 3.38), (4.48, 2.96), (3.5700000000000003, 2.54), (2.79, 1.9100000000000001), (2.27, 1.05), (1.83, 0.34)]
[(4.72, 5.04), (4.72, 5.04), (5.5200000000000005, 4.44), (6.28, 5.09), (6.54, 6.0600000000000005), (6.6000000000000005, 6.28)]
[(4.32, 6.15), (4.32, 6.15), (4.7, 5.22), (5.2, 4.3500000000000005), (5.97, 3.7), (6.74, 3.0500000000000003), (6.78, 3.02)]
[(2.02, 5.09), (2.02, 5.09), (2.83, 4.5), (3.65, 3.91), (4.25, 3.11), (3.43, 2.52), (2.98, 1.62), (3.0100000000000002, 0.62), (3.02, 0.53)]
[(2.72, 0.9500000000000001), (2.72, 0.9500000000000001), (2.92, 1.94), (3.72, 2.56), (4.7, 2.7800000000000002), (5.68, 2.99), (5.91, 3.04)]
[(3.99, 5.82), (3.99, 5.82), (4.09, 4.82), (4.19, 3.8200000000000003), (3.97, 2.84), (3.1, 2.32), (2.34, 1.67), (1.85, 1.25)]
[(3.5, 4.5600000000000005), (3.5, 4.5600000000000005), (4.05, 3.72), (3.8000000000000003, 2.75), (2.94, 2.23), (2.08, 1.7), (1.24, 1.1400000000000001), (1.04, 1.01)]
[(6.3, 2.23), (6.3, 2.23), (5.33, 2.5), (4.33, 2.6), (3.33, 2.5300000000000002), (2.33, 2.4), (1.33, 2.2600000000000002), (1.3, 2.2600000000000002)]
[(2.09, 2.62), (2.09, 2.62), (3.09, 2.7600000000000002), (4.08, 2.93), (4.3500000000000005, 3.9), (4.38, 4.09)]
[(5.7700000000000005, 3.19), (5.7700000000000005, 3.19), (4.8100000000000005, 2.9), (3.85, 2.6), (2.95, 2.16), (2.5, 1.26), (2.48, 1.22)]
[(1.6400000000000001, 2.12), (1.6400000000000001, 2.12), (2.6, 2.44), (3.56, 2.75), (4.19, 3.5300000000000002), (3.83, 4.47), (3.72, 4.75)]
[(3.15, 2.81), (3.15, 2.81), (4.14, 2.96), (4.4, 3.93), (4.57, 4.92), (4.75, 5.91), (4.8500000000000005, 6.47)]
[(2.16, 5.63), (2.16, 5.63), (2.86, 4.9), (3.56, 4.17), (4.23, 3.42), (3.49, 2.74), (2.5300000000000002, 2.43), (1.57, 2.13), (1.01, 2.0)]
[(5.57, 3.8200000000000003), (5.57, 3.8200000000000003), (5.65, 2.82), (5.73, 1.82), (6.390000000000001, 1.06), (6.5200000000000005, 0.68)]
[(2.81, 5.33), (2.81, 5.33), (3.75, 4.97), (4.68, 4.6000000000000005), (5.67, 4.44), (6.25, 5.26), (6.33, 5.86)]
[(2.3000000000000003, 2.0), (2.3000000000000003, 2.0), (3.19, 2.46), (4.08, 2.92), (3.88, 3.9), (3.25, 4.69), (2.63, 5.48), (2.0300000000000002, 6.25)]
[(6.26, 4.12), (6.26, 4.12), (5.39, 3.62), (4.51, 3.12), (3.63, 2.62), (2.81, 2.0300000000000002), (2.13, 1.29), (1.73, 0.86)]
[(4.1, 4.88), (4.1, 4.88), (4.19, 3.88), (4.04, 2.89), (3.19, 2.35), (2.46, 1.6600000000000001), (1.9000000000000001, 1.06)]
[(1.98, 6.33), (1.98, 6.33), (2.6, 5.54), (3.22, 4.75), (3.84, 3.95), (4.2, 3.0100000000000002), (3.22, 2.7800000000000002), (2.22, 2.65), (1.22, 2.52), (1.05, 2.5)]
[(2.7, 5.9), (2.7, 5.9), (3.23, 5.05), (3.7600000000000002, 4.19), (4.24, 3.31), (3.39, 2.7800000000000002), (2.4, 2.6), (1.99, 2.5300000000000002)]
[(2.81, 5.15), (2.81, 5.15), (3.77, 4.8500000000000005), (4.73, 4.5600000000000005), (5.73, 4.44), (6.29, 5.2700000000000005), (6.5, 6.25), (6.51, 6.3100000000000005)]
[(4.34, 6.42), (4.34, 6.42), (4.3100000000000005, 5.42), (4.29, 4.42), (4.26, 3.42), (3.63, 2.64), (2.8000000000000003, 2.08), (2.29, 1.6600000000000001)]
[(1.52, 1.56), (1.52, 1.56), (2.41, 2.0300000000000002), (3.3000000000000003, 2.5100000000000002), (4.18, 2.99), (3.89, 3.96), (3.34, 4.8100000000000005), (3.18, 5.0600000000000005)]
[(3.4, 2.71), (3.4, 2.71), (4.25, 3.24), (3.92, 4.19), (3.5300000000000002, 5.12), (3.15, 6.05), (3.09, 6.2)]
[(7.12, 4.32), (7.12, 4.32), (6.22, 3.87), (5.32, 3.43), (4.42, 2.98), (3.52, 2.5300000000000002), (2.7600000000000002, 1.8800000000000001), (2.21, 1.04), (1.86, 0.5)]
[(3.36, 6.37), (3.36, 6.37), (4.03, 5.62), (4.7, 4.86), (5.61, 4.44), (6.41, 5.05), (6.45, 5.12)]
[(3.86, 4.44), (3.86, 4.44), (4.2, 3.49), (3.67, 2.63), (2.85, 2.04), (2.64, 1.76)]
[(4.09, 4.74), (4.09, 4.74), (4.2, 3.74), (3.77, 2.83), (2.79, 2.59), (1.82, 2.34), (0.84, 2.1), (0.6900000000000001, 2.06)]
[(5.79, 2.38), (5.79, 2.38), (4.97, 2.97), (4.15, 3.5500000000000003), (3.46, 3.66)]
[(3.86, 6.01), (3.86, 6.01), (4.0, 5.01), (4.15, 4.0200000000000005), (4.2, 3.02), (3.22, 2.82), (2.22, 2.91), (1.22, 3.0), (1.1300000000000001, 3.0100000000000002)]
[(1.53, 0.41000000000000003), (1.53, 0.41000000000000003), (2.16, 1.19), (2.79, 1.97), (3.59, 2.58), (4.18, 2.89)]
[(6.7, 4.89), (6.7, 4.89), (5.89, 4.28), (5.08, 3.67), (4.28, 3.06), (3.44, 2.5100000000000002), (2.75, 1.78), (2.27, 0.9), (2.2, 0.77)]
[(1.78, 2.93), (1.78, 2.93), (2.7800000000000002, 2.85), (3.7800000000000002, 2.86), (3.35, 3.77), (2.37, 3.99), (1.95, 4.08)]
[(2.86, 0.35000000000000003), (2.86, 0.35000000000000003), (2.92, 1.35), (3.12, 2.34), (3.98, 2.86), (4.18, 3.84), (4.03, 4.84), (3.98, 5.22)]
[(2.0100000000000002, 1.57), (2.0100000000000002, 1.57), (2.84, 2.14), (3.69, 2.68), (4.32, 3.46), (4.44, 4.01)]
[(2.23, 2.14), (2.23, 2.14), (3.16, 2.5300000000000002), (4.09, 2.93), (3.89, 3.91), (3.3000000000000003, 4.73), (2.71, 5.54), (2.12, 6.36), (1.78, 6.83)]
[(1.58, 1.06), (1.58, 1.06), (2.35, 1.7), (3.13, 2.34), (4.0600000000000005, 2.71), (4.99, 3.08), (5.92, 3.46), (6.45, 3.67)]
[(2.27, 0.98), (2.27, 0.98), (2.77, 1.85), (3.49, 2.56), (4.25, 3.21), (3.72, 4.07), (3.08, 4.8500000000000005), (2.44, 5.63), (2.15, 5.98)]
[(5.2, 3.44), (5.2, 3.44), (5.84, 4.21), (6.24, 5.13), (6.4, 6.12), (6.48, 6.65)]
[(3.64, 2.47), (3.64, 2.47), (2.97, 1.72), (2.99, 0.93)]
[(0.89, 2.93), (0.89, 2.93), (1.8900000000000001, 2.88), (2.89, 2.84), (3.89, 2.87), (3.77, 3.87), (3.0, 4.5200000000000005), (2.5, 4.94)]
[(2.54, 1.56), (2.54, 1.56), (3.17, 2.35), (4.13, 2.64), (5.13, 2.75), (5.23, 2.7600000000000002)]
[(6.41, 6.34), (6.41, 6.34), (6.26, 5.3500000000000005), (6.11, 4.3500000000000005), (5.96, 3.36), (5.8, 2.37), (6.12, 1.42), (6.5, 1.07)]
[(3.31, 5.05), (3.31, 5.05), (3.81, 4.17), (4.25, 3.27), (3.5500000000000003, 2.5500000000000003), (2.7800000000000002, 1.9100000000000001), (2.22, 1.07), (1.77, 0.39)]
[(2.42, 1.68), (2.42, 1.68), (3.16, 2.36), (4.0200000000000005, 2.88), (3.97, 3.88), (3.46, 4.75), (2.94, 5.61), (2.39, 6.45), (2.32, 6.5600000000000005)]
[(2.58, 1.07), (2.58, 1.07), (2.91, 2.02), (3.67, 2.67), (4.24, 3.5), (4.2, 4.5), (4.16, 5.5), (4.15, 5.9)]
[(2.85, 6.890000000000001), (2.85, 6.890000000000001), (3.5300000000000002, 6.140000000000001), (4.21, 5.39), (4.89, 4.65), (5.7700000000000005, 4.16), (6.7, 3.77), (7.28, 3.52)]
[(5.73, 4.0600000000000005), (5.73, 4.0600000000000005), (5.73, 3.06), (5.73, 2.05), (6.45, 1.35), (6.7, 1.25)]
[(4.5, 5.32), (4.5, 5.32), (5.05, 4.47), (6.05, 4.48), (6.44, 4.74)]
[(3.69, 6.82), (3.69, 6.82), (4.19, 5.94), (4.69, 5.0600000000000005), (5.41, 4.36), (6.38, 4.09), (7.13, 3.89)]
[(1.45, 2.82), (1.45, 2.82), (2.45, 2.82), (3.45, 2.84), (4.24, 3.46), (4.22, 4.46), (4.19, 5.46), (4.17, 6.23)]
[(2.11, 6.2), (2.11, 6.2), (2.98, 5.69), (3.85, 5.18), (4.72, 4.66), (5.7, 4.44), (6.23, 5.29), (6.26, 5.55)]
[(2.15, 3.99), (2.15, 3.99), (3.13, 3.79), (4.11, 3.58), (3.68, 2.67), (2.91, 2.0300000000000002), (2.56, 1.08), (2.33, 0.45)]
[(6.53, 6.2700000000000005), (6.53, 6.2700000000000005), (6.3100000000000005, 5.29), (5.76, 4.45), (4.7700000000000005, 4.62), (3.89, 5.1000000000000005), (3.0100000000000002, 5.59), (2.62, 5.8)]
[(4.0600000000000005, 4.25), (4.0600000000000005, 4.25), (4.62, 3.41), (5.17, 2.57), (5.73, 1.74), (6.37, 0.97), (6.47, 0.43)]
[(2.71, 0.48), (2.71, 0.48), (2.86, 1.47), (3.23, 2.4), (4.09, 2.93), (3.93, 3.92), (3.39, 4.7700000000000005), (3.02, 5.36)]
[(2.2800000000000002, 2.59), (2.2800000000000002, 2.59), (3.27, 2.7600000000000002), (4.23, 3.0500000000000003), (4.09, 4.05), (3.86, 5.03), (3.69, 5.76)]
[(2.21, 4.2700000000000005), (2.21, 4.2700000000000005), (3.16, 3.93), (4.11, 3.58), (3.5500000000000003, 2.75), (2.59, 2.44), (1.6300000000000001, 2.13), (1.26, 2.0100000000000002)]
[(5.86, 1.41), (5.86, 1.41), (5.3500000000000005, 2.2800000000000002), (4.39, 2.59), (3.4, 2.44), (2.7600000000000002, 1.6600000000000001), (2.39, 0.73), (2.24, 0.34)]
[(0.79, 2.08), (0.79, 2.08), (1.76, 2.33), (2.74, 2.58), (3.72, 2.82), (4.01, 3.7800000000000002), (3.45, 4.62), (2.9, 5.46), (2.38, 6.25)]
[(1.01, 1.03), (1.01, 1.03), (1.86, 1.56), (2.72, 2.09), (3.58, 2.62), (4.24, 3.38), (3.4, 3.93), (2.5, 4.38), (2.27, 4.49)]
[(0.6, 0.6), (0.6, 0.6), (1.43, 1.17), (2.2600000000000002, 1.74), (3.09, 2.32), (3.95, 2.84), (4.46, 3.71), (4.79, 4.66), (4.8, 4.7)]
[(1.97, 1.1300000000000001), (1.97, 1.1300000000000001), (2.66, 1.87), (3.47, 2.46), (4.47, 2.59), (5.41, 2.23), (6.07, 1.47), (6.5200000000000005, 1.1400000000000001)]
[(6.3100000000000005, 3.69), (6.3100000000000005, 3.69), (5.46, 4.22), (4.7700000000000005, 4.96), (4.37, 5.8)]
[(2.31, 4.04), (2.31, 4.04), (3.29, 3.8000000000000003), (4.23, 3.43), (3.6, 2.65), (2.72, 2.16), (2.2600000000000002, 1.9000000000000001)]
[(2.79, 0.5700000000000001), (2.79, 0.5700000000000001), (2.9, 1.57), (3.34, 2.47), (4.19, 3.0), (3.81, 3.93), (3.14, 4.69), (2.47, 5.44), (2.02, 5.95)]
[(1.67, 0.65), (1.67, 0.65), (2.32, 1.42), (2.96, 2.19), (3.87, 2.61), (4.8100000000000005, 2.96), (5.7700000000000005, 3.25), (6.640000000000001, 3.5100000000000002)]
[(0.86, 1.46), (0.86, 1.46), (1.78, 1.8800000000000001), (2.7, 2.3000000000000003), (3.62, 2.71), (4.15, 3.56), (3.61, 4.41), (3.0700000000000003, 5.26), (2.5300000000000002, 6.11), (2.0, 6.96), (1.97, 7.0)]
[(2.79, 2.57), (2.79, 2.57), (3.7600000000000002, 2.83), (4.4, 3.43)]
[(3.09, 4.5600000000000005), (3.09, 4.5600000000000005), (3.8200000000000003, 3.86), (3.88, 2.86), (2.89, 2.67), (1.9000000000000001, 2.48), (0.91, 2.29), (0.53, 2.22)]
[(7.26, 2.7800000000000002), (7.26, 2.7800000000000002), (6.26, 2.73), (5.26, 2.68), (4.26, 2.63), (3.2800000000000002, 2.39), (2.75, 1.54), (2.71, 1.41)]
