[(5.42, 3.13), (5.42, 3.13), (4.5600000000000005, 2.6), (3.62, 2.25), (3.4, 1.27), (3.27, 0.66)]
[(3.49, 0.35000000000000003), (3.49, 0.35000000000000003), (3.54, 1.35), (3.69, 2.35), (4.65, 2.64), (5.32, 3.39), (5.11, 4.37), (4.46, 5.14), (3.81, 5.91), (3.16, 6.68), (3.0100000000000002, 6.86)]
[(3.31, 2.13), (3.31, 2.13), (4.23, 2.5300000000000002), (5.19, 2.84), (5.3500000000000005, 3.83), (4.48, 4.34), (3.86, 4.42)]
[(0.85, 0.42), (0.85, 0.42), (1.68, 0.99), (2.5100000000000002, 1.55), (3.34, 2.12), (4.25, 2.54), (5.22, 2.8000000000000003), (6.19, 3.0500000000000003), (6.55, 3.0500000000000003)]
[(2.67, 1.99), (2.67, 1.99), (3.61, 2.35), (4.58, 2.63), (5.32, 3.31), (5.07, 4.28), (4.11, 4.57), (3.36, 4.8)]
[(6.69, 1.58), (6.69, 1.58), (5.72, 1.85), (5.41, 2.45)]
[(5.03, 0.27), (5.03, 0.27), (6.01, 0.49), (6.96, 0.8200000000000001), (6.2700000000000005, 1.55), (5.36, 1.97), (4.43, 2.35), (3.44, 2.52), (2.45, 2.69), (2.39, 2.7)]
[(1.9000000000000001, 6.91), (1.9000000000000001, 6.91), (2.68, 6.28), (3.46, 5.65), (4.24, 5.0200000000000005), (5.0200000000000005, 4.38), (5.33, 3.42), (4.67, 2.66), (3.69, 2.45), (2.71, 2.23), (1.8800000000000001, 2.04)]
[(5.96, 3.17), (5.96, 3.17), (5.05, 2.75), (4.1, 2.42), (3.18, 2.0100000000000002), (2.35, 1.44), (1.52, 0.88), (0.98, 0.51)]
[(2.44, 6.94), (2.44, 6.94), (3.16, 6.24), (3.88, 5.54), (4.6000000000000005, 4.83), (5.32, 4.12), (5.9, 3.3000000000000003), (6.49, 3.89)]
[(3.19, 5.6000000000000005), (3.19, 5.6000000000000005), (4.0200000000000005, 5.04), (4.8500000000000005, 4.47), (5.42, 3.64), (5.57, 2.65), (5.92, 1.7), (6.84, 1.28), (6.05, 0.66), (5.05, 0.68), (4.62, 0.75)]
[(6.94, 0.38), (6.94, 0.38), (6.69, 1.36), (5.78, 1.78), (5.71, 2.7800000000000002), (5.9, 3.04)]
[(5.33, 3.5300000000000002), (5.33, 3.5300000000000002), (4.8, 2.68), (3.83, 2.43), (3.3000000000000003, 1.58), (2.89, 0.73)]
[(1.2, 2.4), (1.2, 2.4), (2.2, 2.47), (3.2, 2.5500000000000003), (4.2, 2.65), (5.19, 2.84), (5.3500000000000005, 3.83), (5.0600000000000005, 4.66)]
[(2.66, 2.2800000000000002), (2.66, 2.2800000000000002), (3.66, 2.4), (4.66, 2.31), (5.58, 1.9000000000000001), (6.45, 1.3900000000000001), (7.12, 0.7000000000000001)]
[(2.95, 5.9), (2.95, 5.9), (3.7600000000000002, 5.3), (4.57, 4.7), (5.34, 4.0600000000000005), (5.29, 3.06), (4.41, 2.58), (3.49, 2.17), (2.82, 1.55)]
[(5.23, 4.63), (5.23, 4.63), (5.33, 3.63), (4.93, 2.71), (3.96, 2.46), (3.5100000000000002, 1.96)]
[(5.2700000000000005, 2.77), (5.2700000000000005, 2.77), (5.3500000000000005, 3.77), (5.39, 4.7700000000000005), (5.55, 5.76), (6.34, 6.38), (7.25, 6.3500000000000005)]
[(6.640000000000001, 3.22), (6.640000000000001, 3.22), (5.72, 2.81), (5.6000000000000005, 1.81), (5.58, 1.51)]
[(2.07, 5.78), (2.07, 5.78), (2.97, 5.34), (3.87, 4.89), (4.7700000000000005, 4.45), (5.33, 3.62), (4.91, 2.7), (3.94, 2.45), (3.48, 1.56), (3.41, 1.18)]
[(3.9, 5.33), (3.9, 5.33), (4.67, 4.68), (5.36, 3.95), (5.26, 2.95), (4.34, 2.54), (3.39, 2.19), (2.5100000000000002, 1.69), (2.4, 1.6300000000000001)]
[(3.62, 4.32), (3.62, 4.32), (4.62, 4.28), (5.33, 3.5700000000000003), (4.8500000000000005, 2.69), (3.88, 2.42), (3.27, 1.62), (3.08, 1.28)]
[(2.71, 0.34), (2.71, 0.34), (3.14, 1.25), (3.5700000000000003, 2.16), (4.47, 2.62), (5.43, 2.93), (6.3100000000000005, 3.41), (6.63, 3.66)]
[(3.31, 5.98), (3.31, 5.98), (4.05, 5.3), (4.79, 4.62), (5.34, 3.7800000000000002), (5.14, 2.79), (4.17, 2.52), (3.25, 2.1), (2.38, 1.59), (1.61, 1.1400000000000001)]
[(3.3000000000000003, 2.4), (3.3000000000000003, 2.4), (4.3, 2.37), (5.2700000000000005, 2.1), (6.15, 1.6), (6.98, 1.04), (6.05, 0.65), (5.05, 0.68), (4.54, 1.0)]
[(3.48, 0.44), (3.48, 0.44), (3.5700000000000003, 1.44), (3.79, 2.42), (4.76, 2.67), (5.36, 3.13)]
[(4.73, 4.2700000000000005), (4.73, 4.2700000000000005), (5.33, 3.46), (5.26, 2.59)]
[(2.16, 1.22), (2.16, 1.22), (2.97, 1.82), (3.7800000000000002, 2.41), (4.75, 2.67), (5.33, 3.49), (4.96, 4.42), (4.54, 4.74)]
[(2.62, 5.61), (2.62, 5.61), (3.5100000000000002, 5.14), (4.4, 4.66), (5.28, 4.17), (5.53, 3.2), (5.68, 2.21), (6.390000000000001, 1.5), (7.18, 1.1500000000000001)]
[(5.12, 4.6000000000000005), (5.12, 4.6000000000000005), (5.33, 3.62), (4.91, 2.71), (3.95, 2.42), (3.59, 1.71)]
[(6.74, 0.38), (6.74, 0.38), (6.640000000000001, 1.3800000000000001), (5.73, 1.8), (4.84, 2.2800000000000002), (3.84, 2.42), (3.09, 1.74), (2.39, 1.02), (2.17, 0.8)]
[(2.5500000000000003, 2.5300000000000002), (2.5500000000000003, 2.5300000000000002), (3.5500000000000003, 2.58), (4.55, 2.69), (5.32, 3.33), (5.03, 4.29), (4.07, 4.58), (3.58, 4.73)]
[(2.59, 2.13), (2.59, 2.13), (3.5700000000000003, 2.38), (4.55, 2.62), (5.3100000000000005, 3.27), (5.15, 4.26), (4.15, 4.36), (3.15, 4.46), (2.69, 4.51)]
[(5.54, 4.79), (5.54, 4.79), (5.4, 3.79), (5.16, 2.81), (4.2, 2.5), (3.25, 2.18), (2.33, 1.78), (2.21, 1.73)]
[(6.95, 1.45), (6.95, 1.45), (5.98, 1.7), (5.11, 2.2), (4.13, 2.4), (3.39, 2.37)]
[(3.16, 1.9000000000000001), (3.16, 1.9000000000000001), (3.99, 2.47), (4.96, 2.73), (5.34, 3.66), (4.82, 4.5200000000000005), (4.01, 5.11), (3.2, 5.7), (3.16, 5.73)]
[(1.75, 1.59), (1.75, 1.59), (2.68, 1.97), (3.61, 2.34), (4.57, 2.62), (5.3100000000000005, 3.3000000000000003), (5.11, 4.28), (4.18, 4.67), (3.25, 5.0600000000000005), (2.59, 5.34)]
[(4.09, 6.0), (4.09, 6.0), (4.64, 5.16), (5.19, 4.32), (5.32, 3.3200000000000003), (4.54, 2.69), (3.54, 2.59), (2.54, 2.57), (2.18, 2.56)]
[(4.42, 5.48), (4.42, 5.48), (4.97, 4.64), (5.33, 3.7), (5.04, 2.74), (4.07, 2.49), (3.49, 1.67), (3.29, 0.72)]
[(3.42, 1.8800000000000001), (3.42, 1.8800000000000001), (4.19, 2.52), (5.16, 2.81), (5.3500000000000005, 3.8000000000000003), (4.5600000000000005, 4.42), (3.59, 4.69), (2.62, 4.96), (2.27, 5.0600000000000005)]
[(6.26, 1.43), (6.26, 1.43), (5.64, 2.22), (5.49, 3.21), (5.29, 4.2), (4.94, 5.14), (4.73, 5.72)]
[(3.33, 1.19), (3.33, 1.19), (3.59, 2.16), (4.58, 2.32), (5.51, 1.95), (6.4, 1.49), (5.84, 0.66), (4.84, 0.6900000000000001), (4.6000000000000005, 1.03)]
[(2.79, 4.49), (2.79, 4.49), (3.79, 4.38), (4.79, 4.28), (5.59, 3.67), (6.0600000000000005, 3.15)]
[(2.62, 0.53), (2.62, 0.53), (3.12, 1.4000000000000001), (3.63, 2.27), (4.57, 2.62), (5.3100000000000005, 3.3000000000000003), (5.14, 4.29), (4.36, 4.93), (3.58, 5.5600000000000005), (2.8000000000000003, 6.2), (2.31, 6.6000000000000005)]
[(5.14, 6.75), (5.14, 6.75), (5.22, 5.75), (5.3, 4.75), (5.3500000000000005, 3.75), (5.11, 2.77), (4.11, 2.65), (3.98, 2.64)]
[(4.7, 4.75), (4.7, 4.75), (5.36, 3.99), (5.2700000000000005, 2.99), (4.37, 2.5500000000000003), (3.42, 2.21), (2.5500000000000003, 1.71), (2.21, 1.52)]
[(1.45, 1.35), (1.45, 1.35), (2.37, 1.77), (3.29, 2.19), (4.24, 2.54), (5.2, 2.85), (5.3500000000000005, 3.84), (4.46, 4.3), (3.46, 4.3500000000000005), (2.93, 4.38)]
[(0.78, 1.47), (0.78, 1.47), (1.74, 1.77), (2.7, 2.07), (3.66, 2.37), (4.63, 2.64), (5.32, 3.37), (4.97, 4.3100000000000005), (4.01, 4.6000000000000005), (3.04, 4.88), (2.38, 5.08)]
[(4.57, 4.2700000000000005), (4.57, 4.2700000000000005), (5.33, 3.62), (4.91, 2.71), (3.95, 2.42), (3.08, 1.92), (2.2600000000000002, 1.33), (1.45, 0.75)]
[(5.5600000000000005, 1.61), (5.5600000000000005, 1.61), (5.51, 2.61), (5.47, 3.61), (5.42, 4.61), (5.49, 5.61), (5.92, 6.5200000000000005), (5.96, 6.59)]
[(1.6400000000000001, 0.67), (1.6400000000000001, 0.67), (2.42, 1.31), (3.2, 1.95), (4.05, 2.49), (5.0200000000000005, 2.75), (5.39, 2.96)]
[(4.89, 0.64), (4.89, 0.64), (5.9, 0.64), (6.9, 0.75), (6.28, 1.54), (5.37, 1.96), (4.44, 2.34), (3.5300000000000002, 1.92), (3.43, 1.53)]
[(2.2800000000000002, 5.1000000000000005), (2.2800000000000002, 5.1000000000000005), (3.25, 4.82), (4.21, 4.53), (5.18, 4.25), (5.47, 3.29), (5.63, 2.3000000000000003), (6.28, 1.54), (6.93, 0.78), (5.93, 0.66), (4.93, 0.6900000000000001), (4.51, 0.88)]
[(6.36, 1.67), (6.36, 1.67), (6.98, 0.88), (6.0, 0.66), (5.0, 0.6900000000000001), (4.57, 1.03)]
[(3.3200000000000003, 4.93), (3.3200000000000003, 4.93), (4.2700000000000005, 4.58), (5.21, 4.23), (5.48, 3.2600000000000002), (5.63, 2.27), (6.3100000000000005, 1.53), (5.8100000000000005, 0.66), (4.8100000000000005, 0.7000000000000001), (4.29, 1.28)]
[(2.7600000000000002, 1.29), (2.7600000000000002, 1.29), (3.43, 2.05), (4.2700000000000005, 2.6), (5.23, 2.89), (5.36, 3.89), (5.3100000000000005, 4.17)]
[(3.18, 2.17), (3.18, 2.17), (4.13, 2.5100000000000002), (5.1000000000000005, 2.77), (5.3500000000000005, 3.74), (4.65, 4.46), (3.72, 4.84), (2.79, 5.22), (2.43, 5.37)]
[(5.89, 0.34), (5.89, 0.34), (6.83, 0.71), (6.28, 1.55), (5.63, 2.31), (5.46, 3.3000000000000003), (5.17, 4.26), (4.33, 4.8100000000000005), (3.49, 5.37), (2.8000000000000003, 5.82)]
[(3.2, 1.59), (3.2, 1.59), (3.7800000000000002, 2.42), (4.75, 2.67), (5.39, 3.44), (5.39, 4.44), (5.43, 5.44), (5.8500000000000005, 6.3500000000000005), (6.8500000000000005, 6.4), (6.88, 6.4)]
[(6.890000000000001, 0.53), (6.890000000000001, 0.53), (6.48, 1.45), (5.57, 1.87), (4.66, 2.31), (3.66, 2.37), (2.71, 2.04), (1.76, 1.71), (0.8200000000000001, 1.3900000000000001)]
[(7.08, 6.87), (7.08, 6.87), (6.17, 6.44), (5.5200000000000005, 5.68), (5.47, 4.68), (5.66, 3.69), (6.44, 3.13)]
[(2.16, 1.18), (2.16, 1.18), (2.96, 1.79), (3.7600000000000002, 2.4), (4.76, 2.29), (5.16, 2.2)]
[(1.08, 1.3), (1.08, 1.3), (2.0100000000000002, 1.68), (2.94, 2.06), (3.87, 2.44), (4.84, 2.69), (5.33, 3.5700000000000003), (5.39, 4.57), (5.43, 5.57), (5.61, 6.5600000000000005), (5.61, 6.57)]
[(6.12, 3.17), (6.12, 3.17), (5.19, 2.8000000000000003), (4.25, 2.43), (3.35, 1.97), (3.15, 1.75)]
[(3.94, 5.34), (3.94, 5.34), (4.7, 4.68), (5.36, 3.92), (5.25, 2.92), (4.3100000000000005, 2.5500000000000003), (3.4, 2.13), (2.6, 1.52), (2.5300000000000002, 1.47)]
[(2.04, 2.95), (2.04, 2.95), (3.0, 2.64), (3.98, 2.42), (4.97, 2.2600000000000002), (5.84, 1.74), (6.76, 1.33), (6.58, 0.4)]
[(3.99, 2.47), (3.99, 2.47), (4.96, 2.73), (5.34, 3.66), (5.39, 4.66), (5.51, 5.66), (5.88, 6.59), (5.88, 6.6000000000000005)]
[(5.88, 6.4), (5.88, 6.4), (5.45, 5.49), (5.36, 4.49), (5.32, 3.49), (4.75, 2.66), (3.7800000000000002, 2.41), (3.2600000000000002, 1.54), (2.83, 0.68)]
[(5.46, 2.87), (5.46, 2.87), (5.37, 3.87), (4.59, 4.5), (3.66, 4.9), (2.73, 5.29), (2.43, 5.42)]
[(4.32, 6.24), (4.32, 6.24), (4.75, 5.33), (5.18, 4.42), (5.45, 3.45), (5.6000000000000005, 2.46), (6.13, 1.61), (6.97, 1.06), (6.07, 0.61), (5.07, 0.56), (4.3, 0.52)]
[(4.17, 6.890000000000001), (4.17, 6.890000000000001), (4.5600000000000005, 5.96), (4.94, 5.03), (5.33, 4.1), (5.5, 3.11), (5.66, 2.12), (6.43, 1.48), (6.03, 0.56), (5.03, 0.43), (4.66, 0.38)]
[(2.2, 6.09), (2.2, 6.09), (3.0500000000000003, 5.5600000000000005), (3.91, 5.03), (4.7700000000000005, 4.5), (5.3500000000000005, 3.68), (5.0, 2.74), (4.0200000000000005, 2.52), (3.04, 2.31), (2.06, 2.09), (1.08, 1.8800000000000001), (0.55, 1.76)]
[(3.33, 2.23), (3.33, 2.23), (4.28, 2.5500000000000003), (5.23, 2.88), (5.36, 3.88), (5.24, 4.88), (5.11, 5.79)]
[(4.97, 4.3500000000000005), (4.97, 4.3500000000000005), (5.32, 3.41), (4.61, 2.7), (3.61, 2.58), (2.61, 2.46), (2.05, 2.39)]
[(7.12, 0.46), (7.12, 0.46), (6.68, 1.36), (5.7700000000000005, 1.79), (5.55, 2.77), (5.39, 3.7600000000000002), (4.69, 4.49), (3.79, 4.93), (3.7800000000000002, 4.93)]
[(3.66, 6.48), (3.66, 6.48), (4.24, 5.66), (4.82, 4.83), (5.36, 3.98), (5.2700000000000005, 2.98), (4.36, 2.54), (3.45, 2.12), (2.73, 1.42), (2.0100000000000002, 0.72), (1.62, 0.34)]
[(3.37, 1.32), (3.37, 1.32), (3.63, 2.29), (4.58, 2.62), (5.32, 3.31), (5.15, 4.3), (4.42, 5.0), (3.7600000000000002, 5.63)]
[(1.02, 1.73), (1.02, 1.73), (2.0, 1.97), (2.98, 2.21), (3.96, 2.42), (4.95, 2.2600000000000002), (5.39, 1.54)]
[(4.46, 1.56), (4.46, 1.56), (4.96, 0.6900000000000001), (5.96, 0.66), (6.95, 0.81), (6.2700000000000005, 1.55), (5.59, 2.29), (5.33, 3.2600000000000002), (5.3100000000000005, 3.33)]
[(3.38, 1.69), (3.38, 1.69), (4.08, 2.41), (5.07, 2.22), (5.94, 1.71), (6.82, 1.54)]
[(1.45, 0.58), (1.45, 0.58), (2.24, 1.21), (3.0300000000000002, 1.83), (3.84, 2.43), (4.8100000000000005, 2.71), (5.33, 3.5700000000000003), (5.39, 4.57), (5.44, 5.57), (5.64, 6.49)]
[(1.93, 2.92), (1.93, 2.92), (2.9, 2.66), (3.9, 2.61), (4.9, 2.73), (5.34, 3.63), (4.94, 4.55), (4.2700000000000005, 5.3100000000000005), (3.6, 6.07), (3.4, 6.3)]
[(5.37, 3.37), (5.37, 3.37), (5.1000000000000005, 4.34), (4.36, 5.0200000000000005), (3.62, 5.7), (2.88, 6.38), (2.64, 6.6000000000000005)]
[(5.0600000000000005, 2.72), (5.0600000000000005, 2.72), (4.08, 2.49), (3.23, 1.96), (2.47, 1.31), (1.71, 0.66), (1.3900000000000001, 0.39)]
[(5.01, 2.65), (5.01, 2.65), (5.34, 3.6), (4.65, 4.33), (3.65, 4.46), (3.18, 4.5200000000000005)]
[(5.08, 6.0), (5.08, 6.0), (5.22, 5.0), (5.36, 4.0), (5.28, 3.0), (4.38, 2.5500000000000003), (3.42, 2.23), (2.52, 1.77), (1.62, 1.31), (0.72, 0.86), (0.5700000000000001, 0.78)]
[(0.66, 1.3900000000000001), (0.66, 1.3900000000000001), (1.62, 1.7), (2.58, 2.02), (3.54, 2.33), (4.51, 2.61), (5.3100000000000005, 3.21), (5.24, 4.21), (4.59, 4.97), (4.19, 5.44)]
[(4.65, 6.2), (4.65, 6.2), (4.96, 5.24), (5.2700000000000005, 4.28), (5.32, 3.2800000000000002), (4.51, 2.69), (3.5100000000000002, 2.58), (2.5100000000000002, 2.5500000000000003), (1.51, 2.5300000000000002), (0.98, 2.5100000000000002)]
[(2.31, 2.88), (2.31, 2.88), (3.2600000000000002, 2.5500000000000003), (4.25, 2.38), (5.22, 2.13), (6.07, 1.6), (6.96, 1.1300000000000001), (7.0600000000000005, 0.75)]
[(1.06, 1.83), (1.06, 1.83), (2.04, 2.06), (3.02, 2.2800000000000002), (4.0, 2.5100000000000002), (4.98, 2.73), (5.34, 3.67), (4.72, 4.46), (3.8000000000000003, 4.87), (2.88, 5.28), (2.86, 5.29)]
[(6.43, 3.46), (6.43, 3.46), (5.7, 2.77), (5.8, 1.77), (6.71, 1.35), (6.01, 0.63), (5.0, 0.63), (4.24, 0.62)]
[(3.5500000000000003, 2.35), (3.5500000000000003, 2.35), (4.5200000000000005, 2.61), (5.3100000000000005, 3.23), (5.26, 4.23), (4.8100000000000005, 5.13), (4.3500000000000005, 6.0200000000000005), (3.97, 6.7700000000000005)]
[(2.4, 0.9500000000000001), (2.4, 0.9500000000000001), (3.08, 1.69), (3.7800000000000002, 2.41), (4.75, 2.69), (5.33, 3.5100000000000002), (5.3500000000000005, 4.51), (5.3500000000000005, 4.72)]
[(3.31, 1.28), (3.31, 1.28), (3.61, 2.24), (4.54, 2.61), (5.3100000000000005, 3.25), (5.23, 4.25), (4.67, 5.09), (4.36, 5.5600000000000005)]
[(2.46, 6.890000000000001), (2.46, 6.890000000000001), (3.19, 6.19), (3.91, 5.49), (4.64, 4.79), (5.34, 4.07), (5.29, 3.0700000000000003), (5.21, 2.65)]
[(5.65, 3.19), (5.65, 3.19), (4.7700000000000005, 2.69), (3.7800000000000002, 2.49), (2.8000000000000003, 2.29), (1.81, 2.09), (0.8200000000000001, 1.8900000000000001), (0.8, 1.8900000000000001)]
[(1.34, 2.08), (1.34, 2.08), (2.33, 2.2600000000000002), (3.3200000000000003, 2.44), (4.3100000000000005, 2.62), (5.26, 2.95), (5.36, 3.95), (4.7700000000000005, 4.76), (4.39, 5.2)]
[(4.17, 4.69), (4.17, 4.69), (5.09, 4.29), (5.3100000000000005, 3.31), (4.59, 2.61), (3.63, 2.29), (2.91, 1.59), (2.23, 0.93)]
[(3.4, 1.1500000000000001), (3.4, 1.1500000000000001), (3.59, 2.14), (4.58, 2.32), (5.51, 1.95), (6.4, 1.49), (6.01, 0.56), (5.01, 0.45), (4.95, 0.44)]
[(2.87, 1.6300000000000001), (2.87, 1.6300000000000001), (3.63, 2.3000000000000003), (4.58, 2.62), (5.32, 3.31), (5.0600000000000005, 4.28), (4.07, 4.47), (3.09, 4.67), (2.8000000000000003, 4.73)]
