[(1.54, 5.01), (1.54, 5.01), (2.43, 5.47), (3.2600000000000002, 6.04), (3.94, 6.78), (4.62, 7.5200000000000005), (5.3, 8.26), (5.51, 8.49)]
[(4.11, 2.23), (4.11, 2.23), (3.44, 2.98), (3.11, 3.93), (3.08, 4.93), (3.81, 5.62), (4.3500000000000005, 5.78)]
[(5.24, 6.08), (5.24, 6.08), (4.25, 5.92), (3.2600000000000002, 5.76), (2.2600000000000002, 5.67), (1.51, 6.34), (1.37, 6.75)]
[(0.72, 8.06), (0.72, 8.06), (1.1400000000000001, 7.15), (1.56, 6.23), (1.98, 5.3100000000000005), (2.57, 4.5), (3.0300000000000002, 3.61), (3.21, 2.62), (3.3000000000000003, 2.15)]
[(4.82, 5.83), (4.82, 5.83), (3.84, 5.62), (3.04, 5.0), (2.75, 4.68)]
[(2.74, 4.66), (2.74, 4.66), (3.12, 3.73), (3.5, 2.8000000000000003), (4.33, 2.23), (5.19, 1.7), (5.26, 1.6300000000000001)]
[(3.04, 5.04), (3.04, 5.04), (3.89, 5.58), (4.89, 5.57), (5.05, 5.57)]
[(1.46, 6.390000000000001), (1.46, 6.390000000000001), (1.6500000000000001, 7.38), (2.5300000000000002, 7.87), (2.73, 7.91)]
[(2.17, 2.25), (2.17, 2.25), (3.17, 2.16), (4.17, 2.06), (5.09, 1.6600000000000001), (5.18, 0.99)]
[(4.3500000000000005, 6.78), (4.3500000000000005, 6.78), (3.7600000000000002, 5.96), (3.17, 5.15), (3.08, 4.15), (3.37, 3.19), (3.98, 2.38), (4.9, 1.97), (5.37, 1.08), (5.4, 0.98)]
[(4.91, 5.11), (4.91, 5.11), (4.03, 5.6000000000000005), (3.0300000000000002, 5.63), (2.0300000000000002, 5.67), (1.67, 5.9)]
[(5.09, 2.5), (5.09, 2.5), (4.09, 2.43), (4.24, 3.42), (4.8500000000000005, 4.22), (5.04, 5.21), (5.23, 6.2), (5.28, 6.44)]
[(4.22, 6.67), (4.22, 6.67), (3.41, 6.0600000000000005), (2.48, 5.67), (1.6, 5.99)]
[(1.23, 6.53), (1.23, 6.53), (1.85, 5.73), (2.85, 5.69), (3.65, 6.3100000000000005), (3.85, 6.48)]
[(2.16, 4.92), (2.16, 4.92), (2.87, 5.63), (3.37, 6.5), (3.79, 7.41), (4.17, 8.23)]
[(3.25, 2.5500000000000003), (3.25, 2.5500000000000003), (3.0500000000000003, 3.5300000000000002), (2.63, 4.44), (2.15, 5.32), (1.59, 6.15), (1.18, 7.07), (0.76, 7.98), (0.56, 8.43)]
[(4.43, 2.21), (4.43, 2.21), (3.54, 2.69), (3.21, 3.64), (3.08, 4.64), (3.5700000000000003, 5.5200000000000005), (3.98, 5.71)]
[(3.49, 1.47), (3.49, 1.47), (3.33, 2.46), (3.18, 3.45), (3.08, 4.45), (3.36, 5.42), (3.94, 6.25), (4.5200000000000005, 7.08), (4.7, 7.34)]
[(5.24, 5.89), (5.24, 5.89), (5.0200000000000005, 4.91), (4.8, 3.93), (4.01, 3.31), (4.14, 2.31), (5.03, 1.85), (5.38, 0.91), (5.38, 0.91)]
[(1.1, 6.69), (1.1, 6.69), (1.7, 5.89), (2.68, 5.67), (3.68, 5.71), (4.68, 5.75), (5.11, 5.7700000000000005)]
[(2.63, 4.55), (2.63, 4.55), (3.2600000000000002, 3.7600000000000002), (4.23, 3.49), (4.68, 3.47)]
[(1.34, 7.22), (1.34, 7.22), (1.61, 6.25), (2.08, 5.36), (2.67, 4.55), (3.2600000000000002, 3.74), (3.49, 3.44)]
[(3.83, 7.3500000000000005), (3.83, 7.3500000000000005), (4.25, 6.44), (4.67, 5.53), (4.7700000000000005, 4.53), (4.67, 3.5300000000000002), (4.5200000000000005, 3.21)]
[(3.2, 2.27), (3.2, 2.27), (3.66, 3.17), (4.6000000000000005, 3.54), (4.84, 4.5200000000000005), (4.95, 5.5200000000000005), (4.97, 5.69)]
[(3.58, 7.16), (3.58, 7.16), (2.79, 7.78), (1.8, 7.95), (0.81, 8.120000000000001), (0.34, 8.2)]
[(0.65, 7.9), (0.65, 7.9), (1.12, 7.01), (1.59, 6.12), (2.06, 5.23), (2.63, 4.4), (3.0, 3.47), (2.96, 2.54)]
[(4.71, 5.6000000000000005), (4.71, 5.6000000000000005), (3.71, 5.63), (2.71, 5.65), (1.72, 5.84), (1.08, 6.41)]
[(3.85, 5.67), (3.85, 5.67), (3.09, 5.01), (3.04, 4.01), (3.0, 3.0100000000000002), (2.41, 2.7)]
[(3.24, 2.5300000000000002), (3.24, 2.5300000000000002), (3.14, 3.5300000000000002), (3.08, 4.53), (3.5, 5.45), (4.3500000000000005, 6.0), (4.55, 6.12)]
[(0.32, 8.32), (0.32, 8.32), (0.84, 7.46), (1.33, 6.58), (1.82, 5.7), (2.32, 4.82), (2.88, 3.99), (3.0, 2.99), (2.1, 3.0100000000000002)]
[(1.61, 6.890000000000001), (1.61, 6.890000000000001), (1.71, 5.89), (2.25, 5.04), (2.7800000000000002, 4.19), (3.3200000000000003, 3.34), (3.7600000000000002, 2.44), (4.12, 2.1)]
[(1.54, 7.78), (1.54, 7.78), (1.67, 6.78), (1.78, 5.78), (2.32, 4.93), (2.86, 4.08), (3.33, 3.19), (3.96, 2.41), (4.91, 2.08), (5.4, 1.9100000000000001)]
[(3.43, 2.46), (3.43, 2.46), (3.97, 3.31), (4.78, 3.9), (4.91, 4.9), (4.97, 5.32)]
[(0.41000000000000003, 7.83), (0.41000000000000003, 7.83), (1.06, 7.07), (1.54, 6.19), (2.0300000000000002, 5.3100000000000005), (2.6, 4.48), (3.0500000000000003, 3.58), (3.29, 2.6), (3.3200000000000003, 2.5)]
[(3.2, 6.2700000000000005), (3.2, 6.2700000000000005), (2.4, 5.67), (1.52, 6.16), (1.29, 6.51)]
[(2.5100000000000002, 8.05), (2.5100000000000002, 8.05), (1.6600000000000001, 7.5), (1.27, 6.57), (1.17, 6.2700000000000005)]
[(2.12, 2.67), (2.12, 2.67), (3.0, 3.15), (2.8000000000000003, 4.13), (2.32, 5.01), (1.74, 5.83), (1.43, 6.79), (1.35, 7.03)]
[(5.0200000000000005, 7.62), (5.0200000000000005, 7.62), (4.28, 6.94), (3.54, 6.26), (2.72, 5.68), (2.1, 5.62)]
[(1.73, 8.19), (1.73, 8.19), (2.67, 7.83), (3.4, 7.140000000000001), (4.0200000000000005, 6.34), (4.64, 5.54), (4.79, 5.3100000000000005)]
[(5.41, 8.43), (5.41, 8.43), (4.84, 7.6000000000000005), (4.28, 6.7700000000000005), (3.71, 5.94), (3.14, 5.11), (3.08, 4.11), (3.38, 3.15), (4.01, 2.37), (4.55, 2.12)]
[(2.99, 4.72), (2.99, 4.72), (3.58, 5.53), (4.58, 5.64), (4.96, 5.67)]
[(3.5300000000000002, 7.24), (3.5300000000000002, 7.24), (4.08, 6.4), (4.63, 5.5600000000000005), (4.7700000000000005, 4.5600000000000005), (4.76, 3.56), (4.76, 3.5500000000000003)]
[(1.7, 5.29), (1.7, 5.29), (2.65, 5.62), (3.39, 6.3), (3.95, 7.13), (4.51, 7.97), (4.7, 8.25)]
[(4.86, 2.07), (4.86, 2.07), (3.92, 2.42), (3.35, 3.25), (3.08, 4.22), (3.21, 5.22), (3.7, 6.1000000000000005), (4.19, 6.98), (4.36, 7.29)]
[(2.16, 3.34), (2.16, 3.34), (3.04, 3.8200000000000003), (3.08, 4.82), (3.16, 5.82), (3.27, 6.82), (3.37, 7.78)]
[(5.93, 1.02), (5.93, 1.02), (5.17, 1.67), (4.33, 2.23), (3.5, 2.81), (3.17, 3.7600000000000002), (3.08, 4.76), (3.09, 5.76), (3.1, 6.76), (2.99, 7.76), (2.84, 8.19)]
[(3.2800000000000002, 6.05), (3.2800000000000002, 6.05), (3.1, 5.0600000000000005), (3.09, 4.0600000000000005), (3.48, 3.47)]
[(3.02, 3.62), (3.02, 3.62), (3.06, 4.62), (3.52, 5.5200000000000005), (4.19, 6.2700000000000005), (4.63, 6.76)]
[(3.04, 3.56), (3.04, 3.56), (3.0700000000000003, 4.5600000000000005), (3.43, 5.5), (4.0200000000000005, 6.3100000000000005), (4.3, 6.7)]
[(2.38, 4.8500000000000005), (2.38, 4.8500000000000005), (3.2600000000000002, 5.3500000000000005), (4.24, 5.58), (4.99, 4.93)]
[(0.8200000000000001, 7.97), (0.8200000000000001, 7.97), (1.82, 7.87), (2.82, 7.7700000000000005), (3.35, 6.92), (3.58, 6.42)]
[(3.5500000000000003, 5.94), (3.5500000000000003, 5.94), (3.2600000000000002, 6.9), (2.79, 7.79), (1.87, 8.19), (1.29, 8.39)]
[(2.07, 8.27), (2.07, 8.27), (1.67, 7.3500000000000005), (1.6600000000000001, 6.3500000000000005), (1.6500000000000001, 5.61)]
[(0.62, 8.25), (0.62, 8.25), (1.04, 7.34), (1.46, 6.43), (1.93, 5.54), (2.47, 4.69), (3.0100000000000002, 3.84), (3.47, 2.94), (4.23, 2.27), (5.14, 1.85), (5.5, 1.6400000000000001)]
[(4.16, 7.390000000000001), (4.16, 7.390000000000001), (3.19, 7.67), (2.19, 7.78), (1.34, 7.23), (1.06, 6.93)]
[(4.5, 3.2600000000000002), (4.5, 3.2600000000000002), (3.5100000000000002, 3.11), (2.58, 2.72), (2.07, 3.18)]
[(1.56, 5.8100000000000005), (1.56, 5.8100000000000005), (2.19, 5.03), (2.75, 4.2), (3.1, 3.2600000000000002), (3.3000000000000003, 2.2800000000000002), (3.36, 2.0)]
[(3.0, 2.85), (3.0, 2.85), (3.0300000000000002, 3.85), (3.06, 4.8500000000000005), (3.09, 5.8500000000000005), (3.1, 6.8500000000000005), (2.81, 7.82), (2.44, 8.07)]
[(0.75, 8.4), (0.75, 8.4), (1.71, 8.11), (2.67, 7.82), (3.21, 6.97), (3.48, 6.0), (3.49, 5.95)]
[(2.69, 4.78), (2.69, 4.78), (3.0700000000000003, 3.85), (3.45, 2.92), (4.32, 2.42), (5.0, 2.39)]
[(4.23, 5.78), (4.23, 5.78), (3.35, 5.3), (3.06, 4.34), (3.02, 3.34), (2.52, 2.47), (2.21, 2.22)]
[(4.76, 4.76), (4.76, 4.76), (4.76, 3.75), (3.88, 3.2600000000000002), (2.96, 2.84), (2.13, 2.82)]
[(3.93, 7.87), (3.93, 7.87), (3.65, 6.9), (3.36, 5.94), (3.08, 4.97), (3.1, 3.97), (3.43, 3.02), (4.14, 2.31), (5.03, 1.85), (5.26, 1.19)]
[(3.12, 3.44), (3.12, 3.44), (3.08, 4.44), (3.34, 5.41), (3.89, 6.25), (4.44, 7.1000000000000005), (4.61, 7.36)]
[(3.41, 2.38), (3.41, 2.38), (3.22, 3.37), (3.08, 4.37), (3.09, 5.37), (3.1, 6.37), (3.08, 7.37), (2.72, 8.31), (2.65, 8.48)]
[(5.12, 5.3500000000000005), (5.12, 5.3500000000000005), (4.14, 5.58), (3.22, 5.18), (2.94, 4.21), (2.92, 4.12)]
[(4.94, 3.95), (4.94, 3.95), (4.04, 3.5100000000000002), (3.12, 3.93), (3.02, 4.93), (3.0100000000000002, 5.03)]
[(4.89, 4.69), (4.89, 4.69), (4.5600000000000005, 5.64), (3.94, 6.44), (3.3200000000000003, 7.24), (2.5100000000000002, 7.83), (1.58, 8.0)]
[(0.56, 7.8100000000000005), (0.56, 7.8100000000000005), (1.56, 7.8), (2.56, 7.78), (3.37, 7.18), (3.99, 6.38), (4.61, 5.58), (5.05, 4.67), (5.15, 4.38)]
[(1.52, 8.18), (1.52, 8.18), (1.6300000000000001, 7.18), (1.68, 6.18), (2.14, 5.28), (2.73, 4.47), (3.3200000000000003, 3.68)]
[(2.04, 2.56), (2.04, 2.56), (2.99, 2.9), (3.04, 3.9), (3.08, 4.9), (3.17, 5.9), (3.2600000000000002, 6.9), (3.31, 7.41)]
[(2.45, 4.72), (2.45, 4.72), (1.9100000000000001, 5.57), (1.6300000000000001, 6.54), (1.53, 7.54), (1.47, 8.08)]
[(2.5100000000000002, 8.040000000000001), (2.5100000000000002, 8.040000000000001), (3.08, 7.21), (3.1, 6.21), (3.0700000000000003, 5.21), (3.04, 4.21), (3.0100000000000002, 3.21), (2.0100000000000002, 3.09), (1.53, 3.2800000000000002)]
[(4.33, 2.13), (4.33, 2.13), (3.54, 2.75), (4.2700000000000005, 3.45), (4.89, 4.24), (5.15, 5.21), (5.22, 5.48)]
[(5.21, 5.86), (5.21, 5.86), (4.43, 6.5), (3.65, 7.140000000000001), (2.86, 7.76), (1.94, 7.96)]
[(5.3500000000000005, 2.2800000000000002), (5.3500000000000005, 2.2800000000000002), (4.3500000000000005, 2.39), (3.46, 2.85), (3.0100000000000002, 3.75), (3.0, 3.77)]
[(4.07, 2.19), (4.07, 2.19), (3.44, 2.98), (3.11, 3.93), (3.08, 4.93), (3.47, 5.86), (3.88, 6.78), (4.3, 7.7), (4.64, 8.47)]
[(3.7800000000000002, 2.45), (3.7800000000000002, 2.45), (3.24, 3.3000000000000003), (2.7800000000000002, 4.19), (2.33, 5.09), (1.71, 5.89), (1.67, 6.890000000000001), (1.75, 7.890000000000001), (1.8800000000000001, 8.51)]
[(5.37, 1.06), (5.37, 1.06), (4.92, 1.96), (4.0, 2.38), (3.38, 3.17), (3.09, 4.13), (3.08, 5.13), (3.1, 6.13), (3.09, 7.13), (2.35, 7.8)]
[(4.68, 5.83), (4.68, 5.83), (3.71, 5.58), (3.0700000000000003, 4.8100000000000005), (3.0300000000000002, 3.81), (2.94, 2.81), (2.57, 2.2600000000000002)]
[(4.17, 2.16), (4.17, 2.16), (3.45, 2.86), (3.0, 3.7600000000000002), (2.5500000000000003, 4.66), (2.04, 5.53), (1.67, 6.46), (1.62, 7.46), (1.61, 7.69)]
[(1.3800000000000001, 7.66), (1.3800000000000001, 7.66), (1.57, 6.67), (1.83, 5.7), (2.37, 4.8500000000000005), (2.91, 4.0), (3.44, 3.15), (4.05, 2.35), (4.96, 1.93), (5.44, 1.04), (5.5, 0.91)]
[(5.0600000000000005, 3.65), (5.0600000000000005, 3.65), (4.0600000000000005, 3.5100000000000002), (3.12, 3.88), (2.72, 4.29)]
[(1.26, 6.41), (1.26, 6.41), (1.95, 5.68), (2.95, 5.73), (3.2800000000000002, 6.68), (3.35, 6.99)]
[(5.11, 1.6600000000000001), (5.11, 1.6600000000000001), (4.29, 2.24), (3.48, 2.83), (3.11, 3.7600000000000002), (3.06, 3.91)]
[(5.74, 1.02), (5.74, 1.02), (5.09, 1.78), (4.22, 2.2800000000000002), (3.46, 2.93), (3.13, 3.88), (3.08, 4.88), (3.68, 5.69), (4.37, 6.43), (4.71, 6.8)]
[(4.39, 1.98), (4.39, 1.98), (3.59, 2.6), (4.21, 3.39), (4.84, 4.17), (5.01, 5.16), (5.19, 6.15), (5.36, 7.140000000000001), (5.49, 7.8500000000000005)]
[(2.7600000000000002, 4.36), (2.7600000000000002, 4.36), (3.27, 5.23), (4.21, 5.58), (4.99, 4.95), (5.0, 4.93)]
[(4.2700000000000005, 5.83), (4.2700000000000005, 5.83), (3.69, 6.66), (3.12, 7.49), (2.15, 7.7700000000000005), (1.1500000000000001, 7.74), (0.62, 7.72)]
[(3.0500000000000003, 3.92), (3.0500000000000003, 3.92), (3.08, 4.92), (3.81, 5.61), (4.78, 5.86), (5.0200000000000005, 5.92)]
[(1.4000000000000001, 8.48), (1.4000000000000001, 8.48), (1.53, 7.48), (1.6600000000000001, 6.48), (1.98, 5.5200000000000005), (2.59, 4.72), (3.08, 4.08)]
[(4.17, 6.83), (4.17, 6.83), (3.36, 7.42), (2.43, 7.8100000000000005), (2.1, 7.8500000000000005)]
[(2.52, 2.73), (2.52, 2.73), (3.0, 3.61), (2.58, 4.53), (2.1, 5.41), (1.6, 6.28), (1.32, 7.25), (1.23, 7.55)]
[(3.2800000000000002, 5.8), (3.2800000000000002, 5.8), (3.16, 6.8), (2.86, 7.76), (1.86, 7.7700000000000005), (1.51, 7.7700000000000005)]
[(5.43, 8.2), (5.43, 8.2), (5.28, 7.21), (5.13, 6.22), (4.98, 5.22), (4.83, 4.22), (4.25, 3.4), (3.54, 2.69), (4.09, 2.43)]
[(2.5300000000000002, 2.39), (2.5300000000000002, 2.39), (3.36, 2.96), (4.25, 3.43), (4.87, 4.22), (5.1000000000000005, 5.2), (5.32, 6.18), (5.48, 6.83)]
[(1.32, 6.3100000000000005), (1.32, 6.3100000000000005), (1.9000000000000001, 5.49), (2.48, 4.67), (3.06, 3.85), (3.54, 2.97), (4.25, 2.2600000000000002), (5.07, 1.68), (5.09, 1.4000000000000001)]
[(0.38, 8.11), (0.38, 8.11), (0.9400000000000001, 7.28), (1.44, 6.41), (2.11, 5.66), (2.8000000000000003, 5.57)]
[(1.0, 6.22), (1.0, 6.22), (1.46, 7.11), (2.18, 7.8100000000000005), (3.16, 8.02), (4.14, 8.22), (4.43, 8.28)]
[(3.44, 7.13), (3.44, 7.13), (2.68, 7.78), (1.68, 7.68), (1.11, 7.49)]
