[(2.97, 2.67), (2.97, 2.67), (3.96, 2.52), (4.9, 2.17), (5.64, 1.49), (5.94, 1.21)]
[(4.9, 1.72), (4.9, 1.72), (3.93, 1.45), (3.84, 0.74)]
[(8.96, 1.34), (8.96, 1.34), (7.98, 1.58), (7.01, 1.83), (6.03, 2.07), (5.05, 2.31), (4.05, 2.44), (3.0500000000000003, 2.39), (2.1, 2.06), (1.6, 1.52)]
[(1.97, 1.8900000000000001), (1.97, 1.8900000000000001), (2.84, 2.4), (3.84, 2.52), (4.84, 2.64), (5.84, 2.7600000000000002), (6.84, 2.89), (7.84, 3.0100000000000002), (8.35, 3.0700000000000003)]
[(5.53, 1.58), (5.53, 1.58), (4.8, 2.27), (3.81, 2.43), (2.81, 2.38), (1.92, 1.92), (1.9100000000000001, 1.9100000000000001)]
[(7.8, 2.14), (7.8, 2.14), (6.8, 2.23), (5.8, 2.32), (4.8, 2.41), (3.95, 1.8800000000000001), (3.7, 0.91), (3.62, 0.61)]
[(3.97, 1.8800000000000001), (3.97, 1.8800000000000001), (4.65, 2.63), (5.55, 3.08), (6.45, 3.54), (6.59, 3.61)]
[(2.22, 2.0300000000000002), (2.22, 2.0300000000000002), (3.15, 2.4), (4.15, 2.44), (4.96, 1.84), (5.39, 0.93), (5.59, 0.51)]
[(3.8000000000000003, 1.18), (3.8000000000000003, 1.18), (4.03, 2.16), (5.0, 2.41), (6.0, 2.34), (6.21, 2.32)]
[(1.94, 1.6600000000000001), (1.94, 1.6600000000000001), (2.61, 2.42), (3.56, 2.7600000000000002), (3.5700000000000003, 2.7600000000000002)]
[(8.950000000000001, 2.16), (8.950000000000001, 2.16), (7.95, 2.22), (6.95, 2.29), (5.95, 2.35), (4.95, 2.41), (4.0200000000000005, 2.04), (3.97, 1.23)]
[(7.62, 2.34), (7.62, 2.34), (6.62, 2.37), (5.62, 2.41), (4.62, 2.44), (3.62, 2.42), (2.62, 2.36), (1.68, 2.0), (1.43, 1.8800000000000001)]
[(4.87, 3.31), (4.87, 3.31), (4.0, 2.8000000000000003), (3.0300000000000002, 2.52), (2.13, 2.08), (1.48, 1.32), (1.33, 1.1400000000000001)]
[(1.82, 1.59), (1.82, 1.59), (2.46, 2.36), (3.43, 2.61), (4.4, 2.86), (5.37, 3.11), (6.34, 3.36), (6.65, 3.44)]
[(3.71, 1.1400000000000001), (3.71, 1.1400000000000001), (4.01, 2.1), (4.9, 2.56), (5.89, 2.75), (6.88, 2.95), (7.87, 3.14), (8.86, 3.33), (9.32, 3.42)]
[(6.65, 3.0500000000000003), (6.65, 3.0500000000000003), (5.68, 2.8000000000000003), (4.71, 2.5500000000000003), (3.96, 1.8800000000000001), (3.71, 0.91), (3.71, 0.91)]
[(7.49, 1.21), (7.49, 1.21), (6.5600000000000005, 1.6), (5.63, 1.99), (4.7, 2.38), (3.7, 2.43), (2.7, 2.37), (1.86, 1.81), (1.6300000000000001, 1.56)]
[(5.79, 1.24), (5.79, 1.24), (5.09, 1.96), (4.25, 2.52), (3.81, 2.63)]
[(6.61, 2.08), (6.61, 2.08), (5.62, 2.25), (4.63, 2.42), (3.86, 1.77), (3.5300000000000002, 0.9400000000000001)]
[(4.0, 1.17), (4.0, 1.17), (4.03, 2.17), (5.01, 2.39), (5.95, 2.27)]
[(6.17, 1.03), (6.17, 1.03), (5.42, 1.71), (4.67, 2.39), (3.67, 2.42), (2.67, 2.36), (2.31, 2.33)]
[(6.8500000000000005, 1.79), (6.8500000000000005, 1.79), (5.88, 2.06), (4.91, 2.34), (3.91, 2.43), (2.91, 2.38), (2.0100000000000002, 1.94), (1.67, 1.55)]
[(1.48, 1.3), (1.48, 1.3), (2.12, 2.07), (3.0700000000000003, 2.39), (4.07, 2.44), (5.0600000000000005, 2.25), (6.0, 1.9000000000000001), (6.94, 1.54), (7.88, 1.19), (8.78, 0.85)]
[(1.69, 1.21), (1.69, 1.21), (2.18, 2.09), (3.09, 2.5100000000000002), (4.07, 2.74), (5.05, 2.98), (6.03, 3.22), (7.01, 3.45), (7.99, 3.69), (8.700000000000001, 3.86)]
[(7.48, 2.73), (7.48, 2.73), (6.48, 2.64), (5.48, 2.5500000000000003), (4.48, 2.47), (3.48, 2.42), (2.48, 2.35), (1.72, 1.68), (1.27, 1.21)]
[(3.77, 0.63), (3.77, 0.63), (3.94, 1.62), (4.5, 2.45), (5.32, 1.87), (6.11, 1.25), (6.46, 0.98)]
[(3.96, 2.58), (3.96, 2.58), (4.89, 2.21), (5.68, 1.59), (6.47, 0.96), (6.5600000000000005, 0.89)]
[(1.74, 2.15), (1.74, 2.15), (2.72, 2.37), (3.72, 2.42), (4.72, 2.4), (5.5, 2.19)]
[(3.72, 0.7000000000000001), (3.72, 0.7000000000000001), (3.93, 1.68), (4.47, 2.5300000000000002), (5.38, 2.96), (5.64, 3.08)]
[(6.22, 1.57), (6.22, 1.57), (5.33, 2.04), (4.42, 2.46), (3.43, 2.62), (3.24, 2.65)]
[(4.84, 3.79), (4.84, 3.79), (4.28, 2.96), (3.2800000000000002, 2.98), (2.82, 3.0)]
[(4.03, 1.68), (4.03, 1.68), (4.47, 2.58), (4.88, 2.86)]
[(2.09, 1.48), (2.09, 1.48), (2.57, 2.36), (3.5700000000000003, 2.42), (4.57, 2.43), (5.57, 2.31), (6.57, 2.18), (7.57, 2.06), (8.31, 1.96)]
[(7.19, 3.18), (7.19, 3.18), (6.2, 3.0100000000000002), (5.21, 2.84), (4.22, 2.66), (3.23, 2.49), (2.25, 2.25), (1.43, 1.67), (1.27, 1.56)]
[(5.49, 2.36), (5.49, 2.36), (4.49, 2.44), (4.04, 1.54), (4.05, 0.74)]
[(3.74, 1.54), (3.74, 1.54), (4.24, 2.41), (5.19, 2.09), (6.0600000000000005, 1.58), (6.93, 1.07), (7.8, 0.5700000000000001), (7.95, 0.48)]
[(6.61, 2.07), (6.61, 2.07), (5.62, 2.25), (4.63, 2.42), (3.62, 2.42), (2.62, 2.36), (1.6400000000000001, 2.15), (1.33, 2.07)]
[(1.62, 1.27), (1.62, 1.27), (2.18, 2.11), (3.15, 2.4), (4.15, 2.44), (5.15, 2.37), (5.3500000000000005, 2.35)]
[(6.09, 2.0100000000000002), (6.09, 2.0100000000000002), (5.12, 2.2800000000000002), (4.12, 2.32), (3.93, 1.33), (3.86, 0.76)]
[(4.0, 1.05), (4.0, 1.05), (4.03, 2.05), (5.01, 2.27), (5.95, 1.9100000000000001), (5.96, 1.9100000000000001)]
[(3.36, 2.5100000000000002), (3.36, 2.5100000000000002), (4.36, 2.46), (5.3100000000000005, 2.12), (6.24, 1.72), (7.17, 1.32), (8.1, 0.93), (9.0, 0.54)]
[(3.9, 1.68), (3.9, 1.68), (4.55, 2.44), (5.55, 2.32), (6.55, 2.2), (7.55, 2.07), (8.55, 1.95), (8.700000000000001, 1.93)]
[(1.93, 1.86), (1.93, 1.86), (2.8000000000000003, 2.37), (3.8000000000000003, 2.43), (4.78, 2.21), (5.18, 1.29), (5.32, 0.97)]
[(6.45, 2.12), (6.45, 2.12), (5.46, 2.29), (4.47, 2.44), (3.47, 2.42), (2.47, 2.35), (1.6400000000000001, 1.87)]
[(7.29, 0.81), (7.29, 0.81), (6.43, 1.33), (5.5600000000000005, 1.85), (4.7, 2.37), (3.7, 2.42), (2.7, 2.37), (1.7, 2.32), (1.26, 2.3000000000000003)]
[(3.58, 0.78), (3.58, 0.78), (3.89, 1.74), (4.39, 2.61), (5.07, 3.36), (5.43, 3.75)]
[(7.68, 1.42), (7.68, 1.42), (6.72, 1.73), (5.76, 2.05), (4.8, 2.36), (3.8000000000000003, 2.43), (2.8000000000000003, 2.37), (2.11, 1.6400000000000001), (2.06, 1.43)]
[(2.67, 2.45), (2.67, 2.45), (3.68, 2.45), (4.68, 2.38), (5.33, 1.61), (5.98, 0.84), (6.16, 0.62)]
[(1.42, 1.81), (1.42, 1.81), (2.31, 2.29), (3.3000000000000003, 2.46), (4.3, 2.58), (4.94, 2.66)]
[(1.31, 2.21), (1.31, 2.21), (2.31, 2.33), (3.31, 2.41), (3.9, 1.6), (4.14, 0.79)]
[(5.05, 1.3800000000000001), (5.05, 1.3800000000000001), (4.72, 2.33), (3.72, 2.43), (2.72, 2.37), (1.87, 1.82), (1.59, 1.52)]
[(1.59, 1.9000000000000001), (1.59, 1.9000000000000001), (2.49, 2.35), (3.49, 2.41), (4.49, 2.45), (5.49, 2.35), (6.49, 2.2600000000000002), (7.49, 2.17), (7.96, 2.13)]
[(7.83, 1.98), (7.83, 1.98), (6.83, 2.12), (5.83, 2.2600000000000002), (4.83, 2.4), (3.83, 2.43), (2.83, 2.37), (2.0, 1.81), (1.78, 1.45)]
[(1.5, 1.56), (1.5, 1.56), (2.25, 2.24), (3.2, 2.57), (4.17, 2.85), (5.12, 3.19), (6.01, 3.5700000000000003)]
[(6.83, 1.48), (6.83, 1.48), (5.9, 1.87), (4.97, 2.27), (3.98, 2.43), (2.98, 2.39), (2.0, 2.15), (1.46, 1.9000000000000001)]
[(2.15, 1.95), (2.15, 1.95), (3.0500000000000003, 2.39), (4.05, 2.44), (5.04, 2.27), (5.99, 1.92), (6.94, 1.58), (7.890000000000001, 1.23), (8.84, 0.89), (9.31, 0.72)]
[(1.21, 2.12), (1.21, 2.12), (2.2, 2.31), (3.2, 2.4), (4.2, 2.44), (4.98, 1.8), (5.41, 0.89), (5.5200000000000005, 0.65)]
[(3.96, 2.11), (3.96, 2.11), (4.92, 2.42), (5.92, 2.35), (6.92, 2.2800000000000002), (7.92, 2.22), (8.92, 2.15), (9.34, 2.12)]
[(1.8800000000000001, 1.75), (1.8800000000000001, 1.75), (2.67, 2.37), (3.67, 2.42), (4.67, 2.41), (5.65, 2.2), (6.17, 2.09)]
[(6.8, 1.54), (6.8, 1.54), (5.87, 1.9100000000000001), (4.94, 2.29), (3.95, 2.44), (2.95, 2.42), (1.95, 2.4), (1.8, 2.4)]
[(6.1000000000000005, 2.58), (6.1000000000000005, 2.58), (5.1000000000000005, 2.5100000000000002), (4.11, 2.31), (3.84, 1.34), (3.8200000000000003, 1.27)]
[(3.98, 1.9100000000000001), (3.98, 1.9100000000000001), (4.91, 2.2800000000000002), (5.64, 1.93)]
[(3.92, 2.22), (3.92, 2.22), (4.92, 2.16), (5.53, 1.59)]
[(5.22, 1.05), (5.22, 1.05), (4.86, 1.99), (3.96, 2.43), (2.96, 2.38), (1.96, 2.32), (1.6600000000000001, 2.29)]
[(4.12, 0.76), (4.12, 0.76), (4.04, 1.76), (5.04, 1.73), (5.5, 0.84), (5.51, 0.8200000000000001)]
[(1.28, 1.27), (1.28, 1.27), (2.0, 1.98), (2.92, 2.38), (3.92, 2.43), (4.91, 2.2600000000000002), (5.39, 1.99)]
[(7.86, 1.16), (7.86, 1.16), (6.92, 1.52), (5.98, 1.8900000000000001), (5.04, 2.25), (4.05, 2.44), (3.0500000000000003, 2.39), (2.06, 2.24), (1.82, 2.17)]
[(3.77, 1.24), (3.77, 1.24), (4.04, 2.21), (5.01, 2.49), (6.01, 2.5500000000000003), (7.01, 2.61), (7.42, 2.64)]
[(8.73, 1.04), (8.73, 1.04), (7.78, 1.36), (6.83, 1.68), (5.87, 2.0), (4.92, 2.32), (3.92, 2.43), (2.92, 2.38), (1.95, 2.1), (1.46, 1.84)]
[(3.81, 1.03), (3.81, 1.03), (4.0, 2.02), (4.99, 2.2), (5.51, 1.8900000000000001)]
[(3.94, 1.23), (3.94, 1.23), (4.05, 2.23), (5.05, 2.22), (5.97, 1.8), (6.890000000000001, 1.3800000000000001), (7.8100000000000005, 0.96), (8.21, 0.78)]
[(2.3000000000000003, 2.4), (2.3000000000000003, 2.4), (3.3000000000000003, 2.41), (3.86, 1.58), (4.03, 0.85)]
[(3.3000000000000003, 2.41), (3.3000000000000003, 2.41), (3.67, 1.48), (3.56, 0.8)]
[(7.08, 0.7000000000000001), (7.08, 0.7000000000000001), (6.25, 1.28), (5.43, 1.86), (4.6000000000000005, 2.42), (3.6, 2.42), (2.6, 2.36), (1.71, 1.8800000000000001), (1.46, 1.71)]
[(3.7800000000000002, 1.3), (3.7800000000000002, 1.3), (4.07, 2.2600000000000002), (4.88, 2.85), (5.72, 3.41), (6.5600000000000005, 3.97), (6.5600000000000005, 3.97)]
[(5.96, 3.11), (5.96, 3.11), (4.98, 2.9), (4.0, 2.69), (3.02, 2.48), (2.09, 2.11), (1.3800000000000001, 1.54)]
[(4.0, 2.23), (4.0, 2.23), (5.0, 2.2), (5.87, 1.69), (6.34, 1.42)]
[(3.5700000000000003, 0.98), (3.5700000000000003, 0.98), (3.72, 1.97), (2.8000000000000003, 2.38), (1.8, 2.33), (1.46, 2.31)]
[(5.12, 1.33), (5.12, 1.33), (4.75, 2.2600000000000002), (3.7600000000000002, 2.43), (2.7600000000000002, 2.41), (1.76, 2.38), (1.44, 2.37)]
[(3.99, 1.79), (3.99, 1.79), (4.8, 2.39), (5.78, 2.18), (6.76, 1.96), (7.74, 1.75), (8.22, 1.6500000000000001)]
[(2.11, 2.37), (2.11, 2.37), (3.11, 2.4), (3.84, 1.71), (4.0200000000000005, 0.98)]
[(5.0200000000000005, 1.43), (5.0200000000000005, 1.43), (4.68, 2.38), (3.68, 2.42), (2.68, 2.37), (2.06, 2.22)]
[(7.6000000000000005, 3.91), (7.6000000000000005, 3.91), (6.640000000000001, 3.61), (5.68, 3.31), (4.72, 3.0100000000000002), (3.7600000000000002, 2.71), (2.8000000000000003, 2.41), (2.18, 1.62), (2.15, 1.17)]
[(5.4, 1.17), (5.4, 1.17), (4.89, 2.04), (3.97, 2.44), (2.97, 2.4), (1.97, 2.37), (1.82, 2.36)]
[(3.8200000000000003, 1.1300000000000001), (3.8200000000000003, 1.1300000000000001), (4.0200000000000005, 2.11), (5.0200000000000005, 2.08), (5.78, 1.42), (5.92, 1.3)]
[(5.49, 3.74), (5.49, 3.74), (4.73, 3.0700000000000003), (3.7800000000000002, 2.73), (2.82, 2.44), (2.0300000000000002, 1.87)]
[(4.01, 1.6500000000000001), (4.01, 1.6500000000000001), (4.76, 2.32), (5.5600000000000005, 1.72), (6.37, 1.12), (7.18, 0.52), (7.21, 0.5)]
[(8.950000000000001, 0.84), (8.950000000000001, 0.84), (8.0, 1.19), (7.05, 1.53), (6.11, 1.8800000000000001), (5.16, 2.22), (4.18, 2.44), (3.18, 2.39), (2.2, 2.16), (1.58, 1.37), (1.43, 1.18)]
[(1.56, 1.97), (1.56, 1.97), (2.49, 2.35), (3.49, 2.41), (4.49, 2.45), (4.67, 2.45)]
[(3.3200000000000003, 2.9), (3.3200000000000003, 2.9), (4.26, 2.5500000000000003), (5.09, 1.99), (5.42, 1.68)]
[(1.57, 2.45), (1.57, 2.45), (2.58, 2.45), (3.59, 2.45), (4.59, 2.43), (5.54, 2.1), (6.49, 1.76), (7.44, 1.43), (8.39, 1.1), (8.96, 0.9)]
[(3.83, 0.98), (3.83, 0.98), (3.74, 1.98), (2.86, 2.46), (2.36, 2.5)]
[(2.35, 2.5), (2.35, 2.5), (3.35, 2.48), (4.3500000000000005, 2.45), (5.21, 1.93), (5.98, 1.28), (6.74, 0.63), (6.78, 0.6)]
[(6.08, 2.9), (6.08, 2.9), (5.11, 2.65), (4.15, 2.34), (3.98, 1.3800000000000001)]
[(4.15, 0.75), (4.15, 0.75), (4.04, 1.75), (4.96, 2.15), (5.75, 1.52), (6.53, 0.89), (6.76, 0.71)]
[(6.71, 3.69), (6.71, 3.69), (5.82, 3.23), (4.93, 2.77), (4.0600000000000005, 2.25), (3.99, 1.25), (3.97, 0.88)]
[(7.75, 0.72), (7.75, 0.72), (6.87, 1.2), (5.99, 1.68), (5.1000000000000005, 2.16), (4.11, 2.31), (3.79, 1.36), (3.5700000000000003, 0.59)]
[(2.82, 2.85), (2.82, 2.85), (3.8200000000000003, 2.91), (4.8, 3.11), (5.63, 3.69), (5.99, 3.94)]
[(4.05, 1.37), (4.05, 1.37), (4.18, 2.37), (5.17, 2.5300000000000002), (6.17, 2.62), (7.17, 2.71), (8.17, 2.8000000000000003), (9.02, 2.88)]
[(6.18, 2.68), (6.18, 2.68), (5.18, 2.56), (4.19, 2.37), (3.77, 1.45), (3.59, 0.93)]
