[(13.86, 2.39), (13.86, 2.39), (12.97, 2.85), (11.99, 3.08), (10.99, 3.0700000000000003), (9.99, 3.0500000000000003), (8.99, 3.04), (7.99, 3.0300000000000002), (6.99, 3.02), (6.29, 2.29), (6.16, 1.29), (6.03, 0.37)]
[(10.05, 4.39), (10.05, 4.39), (9.370000000000001, 3.65), (10.21, 3.1), (11.21, 3.08), (12.22, 3.08), (13.05, 2.5100000000000002), (13.68, 1.72), (14.31, 0.93), (14.63, 0.53)]
[(2.1, 3.49), (2.1, 3.49), (3.0700000000000003, 3.24), (4.04, 2.99), (5.0200000000000005, 3.22), (5.03, 4.22), (5.01, 5.22), (5.0, 5.68)]
[(9.78, 3.29), (9.78, 3.29), (8.78, 3.21), (7.78, 3.12), (6.78, 3.04), (6.05, 2.71)]
[(4.47, 2.36), (4.47, 2.36), (5.43, 2.66), (6.390000000000001, 2.97), (7.390000000000001, 3.0300000000000002), (8.39, 3.04), (9.39, 3.0500000000000003), (10.39, 3.06), (11.39, 3.0700000000000003), (12.39, 3.08), (13.21, 2.49), (13.450000000000001, 2.27)]
[(3.27, 1.27), (3.27, 1.27), (3.48, 2.25), (4.43, 2.59), (5.4, 2.33), (6.01, 2.17)]
[(7.07, 3.29), (7.07, 3.29), (6.07, 3.19), (5.07, 3.09), (4.07, 2.99), (3.09, 3.23), (2.09, 3.2), (1.32, 2.5500000000000003), (1.29, 2.09)]
[(9.22, 5.92), (9.22, 5.92), (10.15, 6.3100000000000005), (11.09, 6.67), (12.09, 6.69), (13.09, 6.57), (13.49, 5.65), (13.65, 5.0)]
[(14.34, 5.5), (14.34, 5.5), (13.58, 6.16), (12.73, 6.7), (11.73, 6.68), (10.74, 6.5200000000000005), (10.26, 5.64), (9.81, 4.74), (9.370000000000001, 3.84), (10.200000000000001, 3.2800000000000002), (11.18, 3.08), (12.19, 3.08), (12.99, 2.48), (13.530000000000001, 1.6300000000000001), (13.790000000000001, 1.21)]
[(9.75, 1.24), (9.75, 1.24), (8.75, 1.3800000000000001), (7.76, 1.53), (6.76, 1.67), (6.36, 2.59), (7.13, 3.24), (8.120000000000001, 3.42), (9.1, 3.65), (9.59, 4.53), (10.08, 5.41), (10.58, 6.29), (11.51, 6.68), (12.51, 6.69), (13.36, 6.16), (13.43, 5.8100000000000005)]
[(10.620000000000001, 5.07), (10.620000000000001, 5.07), (10.620000000000001, 6.08), (11.43, 6.68), (12.43, 6.69), (13.370000000000001, 6.32), (14.11, 5.64), (14.370000000000001, 5.4)]
[(10.540000000000001, 6.0200000000000005), (10.540000000000001, 6.0200000000000005), (10.02, 5.16), (9.49, 4.3), (8.950000000000001, 3.45), (7.96, 3.2600000000000002), (6.97, 3.09), (6.3500000000000005, 2.3000000000000003), (7.12, 1.6600000000000001), (8.120000000000001, 1.61), (9.120000000000001, 1.57), (9.450000000000001, 1.55)]
[(13.72, 5.28), (13.72, 5.28), (13.35, 6.22), (12.46, 6.69), (11.46, 6.68), (10.55, 6.26), (10.06, 5.44)]
[(3.15, 3.99), (3.15, 3.99), (3.67, 3.13), (4.67, 3.06), (5.67, 3.15), (6.67, 3.23), (7.67, 3.3200000000000003), (8.67, 3.4), (9.370000000000001, 4.12), (9.86, 5.0), (10.35, 5.88), (10.98, 6.66), (11.98, 6.71), (12.65, 6.8100000000000005)]
[(3.23, 1.25), (3.23, 1.25), (3.47, 2.23), (4.32, 2.7600000000000002), (5.32, 2.9), (6.3100000000000005, 3.0500000000000003), (7.3100000000000005, 3.19), (8.3, 3.34), (9.18, 3.83), (9.38, 4.24)]
[(3.46, 0.37), (3.46, 0.37), (3.41, 1.37), (3.5100000000000002, 2.37), (4.36, 2.91), (5.29, 3.31), (6.09, 3.92), (6.29, 4.9), (6.390000000000001, 5.7)]
[(3.0700000000000003, 3.33), (3.0700000000000003, 3.33), (4.0200000000000005, 2.99), (5.0200000000000005, 3.0), (6.0200000000000005, 3.0100000000000002), (7.0200000000000005, 3.02), (8.02, 3.0300000000000002), (9.02, 3.04), (10.02, 3.0500000000000003), (11.02, 3.06), (12.02, 3.0700000000000003), (13.02, 3.0), (13.11, 2.98)]
[(14.35, 6.23), (14.35, 6.23), (13.39, 6.55), (12.39, 6.69), (11.39, 6.68), (10.52, 6.17), (10.08, 5.2700000000000005), (9.63, 4.37), (9.78, 3.38), (10.76, 3.14), (11.76, 3.08), (12.75, 2.88), (13.34, 2.06), (13.780000000000001, 1.44)]
[(9.23, 4.25), (9.23, 4.25), (9.78, 5.09), (10.33, 5.93), (11.01, 6.67), (12.01, 6.69), (13.01, 6.66), (13.85, 6.1000000000000005), (14.280000000000001, 5.82)]
[(12.86, 1.86), (12.86, 1.86), (12.73, 2.86), (11.77, 3.17), (10.77, 3.29), (9.77, 3.41), (9.63, 4.41), (10.05, 5.32), (10.33, 5.92)]
[(8.99, 3.02), (8.99, 3.02), (9.41, 3.93), (9.86, 4.83), (10.3, 5.73), (10.83, 6.58), (11.83, 6.68), (12.83, 6.7), (13.47, 5.92), (13.83, 4.98), (13.96, 4.64)]
[(12.040000000000001, 3.27), (12.040000000000001, 3.27), (11.040000000000001, 3.33), (10.040000000000001, 3.4), (9.65, 4.33), (10.17, 5.2), (10.450000000000001, 5.68)]
[(0.88, 2.11), (0.88, 2.11), (1.51, 2.9), (2.44, 3.2800000000000002), (3.44, 3.14), (4.43, 2.99), (5.43, 3.0100000000000002), (6.43, 3.02), (7.43, 3.0300000000000002), (8.43, 3.04), (9.43, 3.0500000000000003), (10.43, 3.06), (11.43, 3.0700000000000003), (12.43, 3.08), (13.16, 2.39), (13.8, 1.61), (14.44, 0.8300000000000001), (14.46, 0.8)]
[(0.24, 3.7600000000000002), (0.24, 3.7600000000000002), (1.23, 3.59), (2.22, 3.42), (3.21, 3.24), (4.18, 2.99), (5.18, 2.97), (6.18, 2.95), (6.25, 2.95)]
[(13.59, 5.08), (13.59, 5.08), (13.38, 6.0600000000000005), (12.61, 6.7), (11.61, 6.68), (10.64, 6.41), (10.15, 5.53), (9.65, 4.65), (9.16, 3.77), (8.25, 3.35), (7.25, 3.23), (6.25, 3.11), (5.25, 2.99), (4.25, 2.87), (3.52, 2.7800000000000002)]
[(2.64, 5.28), (2.64, 5.28), (2.96, 4.33), (3.47, 3.46), (4.36, 2.99), (5.36, 3.0), (6.36, 3.02), (7.36, 3.0300000000000002), (8.36, 3.02), (9.36, 3.0100000000000002), (10.36, 3.0), (11.36, 2.99), (11.82, 2.1), (11.870000000000001, 1.59)]
[(14.02, 6.140000000000001), (14.02, 6.140000000000001), (13.13, 6.6000000000000005), (12.13, 6.68), (11.13, 6.67), (10.42, 5.95), (9.97, 5.05), (9.52, 4.15), (9.96, 3.25), (10.13, 3.18)]
[(2.36, 3.67), (2.36, 3.67), (3.2800000000000002, 3.27), (4.25, 2.99), (5.25, 3.0), (6.25, 3.0100000000000002), (7.25, 3.02), (8.25, 3.04), (9.25, 3.0500000000000003), (10.25, 3.06), (11.25, 3.0700000000000003), (12.25, 3.08), (12.91, 2.57)]
[(9.870000000000001, 4.03), (9.870000000000001, 4.03), (10.64, 3.39), (11.64, 3.34), (12.64, 3.3000000000000003), (13.64, 3.2600000000000002), (13.75, 3.2600000000000002)]
[(5.55, 2.69), (5.55, 2.69), (5.98, 3.6), (6.23, 4.57), (6.3, 5.57), (6.3, 5.63)]
[(1.9000000000000001, 6.890000000000001), (1.9000000000000001, 6.890000000000001), (2.4, 6.0200000000000005), (2.71, 5.0600000000000005), (3.08, 4.13), (3.59, 3.2600000000000002), (4.57, 3.0500000000000003), (5.57, 3.14), (6.57, 3.23), (7.57, 3.31), (8.57, 3.39), (9.33, 4.04), (9.82, 4.92), (10.31, 5.8), (10.89, 6.62), (11.89, 6.73), (12.1, 6.74)]
[(2.92, 5.22), (2.92, 5.22), (3.0300000000000002, 4.22), (3.54, 3.35), (4.48, 3.0), (5.48, 3.0100000000000002), (6.48, 3.02), (7.48, 3.0300000000000002), (8.48, 3.04), (9.48, 3.0500000000000003), (10.48, 3.06), (11.48, 3.0700000000000003), (12.48, 3.08), (13.17, 2.34), (13.75, 1.58)]
[(9.24, 4.8500000000000005), (9.24, 4.8500000000000005), (9.120000000000001, 3.85), (8.25, 3.34), (7.25, 3.2), (6.25, 3.06), (5.72, 2.99)]
[(1.01, 6.69), (1.01, 6.69), (1.92, 6.26), (2.45, 5.41), (2.41, 4.41), (1.79, 3.62), (0.98, 3.08)]
[(0.86, 3.34), (0.86, 3.34), (1.86, 3.33), (2.86, 3.3000000000000003), (3.83, 3.0300000000000002), (4.83, 3.08), (5.04, 4.0600000000000005), (5.0200000000000005, 5.0600000000000005), (5.0200000000000005, 5.34)]
[(3.13, 3.71), (3.13, 3.71), (3.87, 3.02), (4.87, 3.0), (5.87, 3.0100000000000002), (6.87, 3.02), (7.87, 3.0300000000000002), (8.870000000000001, 3.04), (9.870000000000001, 3.0500000000000003), (10.870000000000001, 3.06), (11.870000000000001, 3.0700000000000003), (12.86, 2.92), (13.200000000000001, 2.74)]
[(4.97, 5.09), (4.97, 5.09), (5.0200000000000005, 4.09), (4.88, 3.09), (3.88, 3.02), (3.2600000000000002, 3.81), (2.83, 4.62)]
[(5.28, 3.64), (5.28, 3.64), (4.47, 3.0300000000000002), (3.47, 3.12), (2.49, 3.34), (1.49, 3.4), (0.92, 3.44)]
[(13.86, 5.26), (13.86, 5.26), (13.4, 6.15), (12.56, 6.7), (11.56, 6.68), (10.61, 6.3500000000000005), (10.17, 5.45), (9.72, 4.55), (9.370000000000001, 3.61), (10.34, 3.34), (11.34, 3.22), (12.34, 3.1), (13.33, 2.91), (14.21, 2.73)]
[(3.31, 1.41), (3.31, 1.41), (3.5100000000000002, 2.39), (4.29, 3.02), (5.29, 3.12), (6.29, 3.2), (7.29, 3.29), (8.290000000000001, 3.37), (9.120000000000001, 3.93), (9.200000000000001, 4.93), (9.290000000000001, 5.93), (9.35, 6.69)]
[(4.94, 5.32), (4.94, 5.32), (5.05, 4.32), (5.46, 3.4), (5.97, 2.5300000000000002), (6.55, 1.7), (7.55, 1.6400000000000001), (8.07, 1.61)]
[(3.3200000000000003, 1.3900000000000001), (3.3200000000000003, 1.3900000000000001), (3.5100000000000002, 2.38), (4.5, 2.5500000000000003), (5.46, 2.2600000000000002), (6.36, 1.8), (7.2700000000000005, 1.3800000000000001), (7.67, 1.21)]
[(4.24, 2.82), (4.24, 2.82), (5.24, 2.9), (6.24, 2.99), (7.24, 3.0300000000000002), (8.24, 3.04), (9.24, 3.0500000000000003), (10.24, 3.06), (11.24, 3.0700000000000003), (12.24, 3.08), (12.870000000000001, 2.66)]
[(5.15, 3.35), (5.15, 3.35), (6.15, 3.37), (7.15, 3.39), (8.15, 3.41), (9.120000000000001, 3.69), (9.61, 4.57), (10.11, 5.45), (10.6, 6.33), (11.540000000000001, 6.68), (12.540000000000001, 6.69), (13.41, 6.17), (13.77, 5.58)]
[(6.75, 3.23), (6.75, 3.23), (7.75, 3.3200000000000003), (8.75, 3.41), (9.3, 4.25), (9.66, 5.19), (10.01, 6.140000000000001), (10.11, 6.48)]
[(13.01, 2.43), (13.01, 2.43), (12.25, 3.08), (11.25, 3.0700000000000003), (10.25, 3.06), (9.25, 3.0500000000000003), (8.25, 3.04), (7.25, 3.02), (6.25, 3.0100000000000002), (5.25, 3.0), (4.25, 2.99), (3.42, 3.5500000000000003), (2.91, 4.42), (2.92, 5.42), (3.02, 6.17)]
[(9.42, 5.48), (9.42, 5.48), (9.39, 4.48), (9.46, 3.48), (10.43, 3.22), (11.43, 3.08), (12.44, 3.08), (13.13, 2.34), (13.67, 1.58)]
[(13.94, 1.72), (13.94, 1.72), (13.23, 2.43), (12.47, 3.09), (11.47, 3.21), (10.47, 3.3200000000000003), (9.48, 3.47), (9.41, 4.47), (9.47, 5.47), (9.5, 6.0200000000000005)]
[(6.47, 4.61), (6.47, 4.61), (5.89, 3.7800000000000002), (5.0600000000000005, 3.21), (4.08, 2.99), (3.1, 3.23), (2.1, 3.21), (1.33, 2.57), (0.9500000000000001, 1.6400000000000001), (0.9400000000000001, 1.62)]
[(9.8, 6.17), (9.8, 6.17), (9.620000000000001, 5.18), (9.44, 4.19), (9.97, 3.33), (10.950000000000001, 3.09), (11.950000000000001, 3.08), (12.81, 2.56), (13.07, 1.59), (13.08, 1.56)]
[(13.88, 2.58), (13.88, 2.58), (12.94, 2.93), (11.94, 3.0700000000000003), (10.94, 3.06), (9.94, 3.0500000000000003), (8.94, 3.04), (7.94, 3.0300000000000002), (6.94, 3.02), (5.94, 3.0100000000000002), (4.94, 3.0), (3.94, 2.99), (3.27, 3.75), (2.73, 4.6000000000000005), (2.69, 4.66)]
[(5.04, 4.07), (5.04, 4.07), (5.99, 3.75), (6.98, 3.58), (7.97, 3.42), (8.96, 3.25), (9.950000000000001, 3.08), (10.950000000000001, 2.99), (11.8, 2.63)]
[(14.14, 2.71), (14.14, 2.71), (13.16, 2.93), (12.17, 3.12), (11.17, 3.24), (10.17, 3.36), (9.43, 4.04), (9.71, 5.0), (9.84, 5.43)]
[(4.89, 2.5300000000000002), (4.89, 2.5300000000000002), (5.55, 3.29), (6.19, 4.0600000000000005), (6.5, 5.0200000000000005), (6.5600000000000005, 5.22)]
[(9.76, 5.43), (9.76, 5.43), (9.4, 4.49), (9.040000000000001, 3.5500000000000003), (8.040000000000001, 3.43), (7.04, 3.5700000000000003), (6.05, 3.75), (5.09, 4.04), (4.96, 4.22)]
[(5.21, 2.2800000000000002), (5.21, 2.2800000000000002), (4.33, 2.7600000000000002), (3.52, 3.37), (3.02, 4.24), (2.67, 5.18), (2.46, 5.89)]
[(1.72, 6.51), (1.72, 6.51), (2.48, 5.86), (2.7600000000000002, 4.89), (3.17, 3.97), (3.69, 3.11), (4.57, 2.62), (5.5, 2.25), (6.0600000000000005, 1.42), (6.34, 0.49)]
[(2.72, 6.08), (2.72, 6.08), (2.81, 5.08), (3.09, 4.11), (3.6, 3.24), (4.48, 2.7600000000000002), (5.17, 2.47)]
[(11.76, 2.94), (11.76, 2.94), (12.76, 2.87), (13.370000000000001, 2.07), (13.98, 1.27), (14.01, 1.23)]
[(2.42, 5.04), (2.42, 5.04), (2.97, 4.2), (3.52, 3.36), (4.47, 3.0300000000000002), (5.0600000000000005, 3.15)]
[(13.02, 2.72), (13.02, 2.72), (12.08, 3.08), (11.08, 3.09), (10.08, 3.1), (9.08, 3.11), (8.07, 3.11), (7.25, 3.12)]
[(13.99, 4.72), (13.99, 4.72), (13.6, 5.65), (13.120000000000001, 6.54), (12.13, 6.69), (11.13, 6.67), (10.42, 5.96), (9.97, 5.0600000000000005), (9.53, 4.16), (10.06, 3.31), (11.040000000000001, 3.08), (12.05, 3.08), (12.86, 2.47), (13.06, 1.84)]
[(9.33, 1.71), (9.33, 1.71), (8.33, 1.7), (7.33, 1.69), (6.3500000000000005, 1.8900000000000001), (6.390000000000001, 2.89), (7.33, 3.25), (8.32, 3.42), (9.22, 3.87), (9.71, 4.75), (10.21, 5.63), (10.71, 6.5), (11.700000000000001, 6.68), (12.700000000000001, 6.7), (13.700000000000001, 6.57), (14.01, 6.5200000000000005)]
[(0.48, 1.42), (0.48, 1.42), (1.06, 2.24), (1.6400000000000001, 3.0700000000000003), (2.61, 3.3200000000000003), (3.59, 3.09), (4.59, 3.02), (5.59, 3.0700000000000003), (6.59, 3.12), (7.59, 3.18), (8.59, 3.23), (9.59, 3.2800000000000002), (10.59, 3.34), (11.59, 3.39), (11.6, 3.39)]
[(10.64, 5.1000000000000005), (10.64, 5.1000000000000005), (9.91, 4.41), (9.19, 3.7), (8.26, 3.31), (7.2700000000000005, 3.14), (6.28, 2.96), (5.3, 2.74), (4.7, 2.6)]
[(9.61, 1.57), (9.61, 1.57), (8.61, 1.61), (7.61, 1.6400000000000001), (6.61, 1.69), (6.36, 2.66), (7.23, 3.16), (7.36, 3.19)]
[(6.08, 3.36), (6.08, 3.36), (7.08, 3.3200000000000003), (8.08, 3.27), (9.08, 3.23), (10.08, 3.19), (11.08, 3.14), (12.08, 3.1), (12.96, 2.6), (13.450000000000001, 1.93)]
[(10.47, 5.01), (10.47, 5.01), (9.76, 4.29), (9.06, 3.56), (8.08, 3.35), (7.08, 3.2600000000000002), (6.08, 3.17), (5.08, 3.08), (4.08, 2.99), (3.34, 3.68), (2.85, 4.5600000000000005), (2.57, 5.53), (2.0100000000000002, 6.37), (2.0100000000000002, 6.37)]
[(1.0, 3.2800000000000002), (1.0, 3.2800000000000002), (2.0, 3.3000000000000003), (3.0, 3.23), (3.94, 2.87), (4.87, 2.5), (5.8, 2.11), (6.69, 1.6400000000000001), (7.640000000000001, 1.3), (7.96, 1.19)]
[(6.0, 2.16), (6.0, 2.16), (5.07, 2.54), (4.14, 2.91), (3.39, 3.59), (2.89, 4.46), (2.91, 5.46), (2.92, 5.54)]
[(9.41, 5.21), (9.41, 5.21), (9.38, 4.21), (9.99, 3.41), (10.99, 3.37), (11.99, 3.33), (12.99, 3.29), (13.99, 3.34), (14.88, 3.4)]
[(2.44, 4.93), (2.44, 4.93), (3.0100000000000002, 4.1), (3.5700000000000003, 3.27), (4.55, 3.0500000000000003), (5.55, 3.14), (6.55, 3.23), (7.55, 3.31), (8.55, 3.39), (9.31, 4.04), (9.81, 4.92), (10.3, 5.8), (10.89, 6.62), (11.89, 6.68), (12.89, 6.7), (13.51, 5.91), (13.93, 5.0), (14.0, 4.86)]
[(8.41, 1.45), (8.41, 1.45), (7.41, 1.58), (6.42, 1.77), (6.36, 2.77), (7.140000000000001, 3.4), (8.14, 3.42), (9.120000000000001, 3.67), (9.700000000000001, 4.5), (10.26, 5.33), (10.59, 6.28), (11.48, 6.74), (11.67, 6.7700000000000005)]
[(13.27, 1.56), (13.27, 1.56), (12.89, 2.49), (12.1, 3.11), (11.1, 3.19), (10.1, 3.2600000000000002), (9.1, 3.34), (8.1, 3.41), (7.1000000000000005, 3.49), (6.7700000000000005, 3.5100000000000002)]
[(9.66, 6.640000000000001), (9.66, 6.640000000000001), (9.47, 5.65), (9.28, 4.66), (9.08, 3.67), (8.13, 3.35), (7.13, 3.2600000000000002), (6.13, 3.17), (5.13, 3.08), (4.13, 2.99), (3.15, 3.21), (2.15, 3.22), (1.35, 2.61), (0.87, 1.73), (0.67, 1.37)]
[(0.77, 3.24), (0.77, 3.24), (1.77, 3.2800000000000002), (2.77, 3.3200000000000003), (3.74, 3.0500000000000003), (4.74, 3.0700000000000003), (5.74, 3.16), (6.74, 3.24), (7.74, 3.3200000000000003), (8.74, 3.41), (9.39, 4.17), (9.88, 5.05), (10.370000000000001, 5.93), (11.05, 6.67), (12.05, 6.69), (13.05, 6.63), (13.21, 6.54)]
[(9.72, 4.37), (9.72, 4.37), (9.08, 3.6), (8.1, 3.37), (7.930000000000001, 3.36)]
[(1.54, 6.45), (1.54, 6.45), (2.43, 5.97), (2.72, 5.01), (3.11, 4.08), (3.62, 3.21), (4.6000000000000005, 3.0), (5.6000000000000005, 3.0100000000000002), (6.6000000000000005, 3.02), (7.6000000000000005, 3.0300000000000002), (8.6, 3.04), (9.6, 3.0500000000000003), (10.6, 3.06), (11.6, 3.0700000000000003), (12.6, 3.04), (12.950000000000001, 2.09), (13.22, 1.12), (13.3, 0.8300000000000001)]
[(5.05, 4.42), (5.05, 4.42), (5.82, 3.7800000000000002), (6.8100000000000005, 3.61), (7.8, 3.46), (8.8, 3.41), (9.65, 3.39)]
[(14.94, 6.640000000000001), (14.94, 6.640000000000001), (13.94, 6.67), (12.94, 6.7), (11.94, 6.68), (10.94, 6.65), (10.3, 5.87), (9.77, 5.0200000000000005), (9.24, 4.17), (8.63, 3.37), (7.640000000000001, 3.2), (6.65, 3.0300000000000002), (6.33, 2.08), (6.28, 1.09)]
[(3.21, 0.56), (3.21, 0.56), (3.3200000000000003, 1.56), (3.23, 2.56), (2.56, 3.31), (1.6, 3.02), (1.1500000000000001, 2.12), (0.84, 1.16), (0.63, 0.53)]
[(2.08, 3.16), (2.08, 3.16), (3.08, 3.23), (4.04, 2.94), (4.69, 2.74)]
[(13.040000000000001, 1.69), (13.040000000000001, 1.69), (12.780000000000001, 2.66), (11.91, 3.16), (10.91, 3.27), (9.91, 3.39), (9.51, 4.3100000000000005), (9.81, 5.2700000000000005), (10.1, 6.23), (10.17, 6.46)]
[(0.34, 3.62), (0.34, 3.62), (1.33, 3.7800000000000002), (2.31, 3.98), (2.43, 4.98), (2.42, 5.98), (1.46, 6.2700000000000005), (0.97, 6.33)]
[(9.77, 6.13), (9.77, 6.13), (9.6, 5.14), (9.43, 4.15), (9.89, 3.2600000000000002), (10.86, 2.99), (11.790000000000001, 2.62), (11.870000000000001, 2.09)]
[(9.3, 5.18), (9.3, 5.18), (9.34, 4.18), (9.82, 3.3000000000000003), (10.8, 3.08), (11.81, 3.08), (12.76, 2.7600000000000002), (13.08, 1.81), (13.4, 0.86), (13.49, 0.6)]
[(1.17, 2.27), (1.17, 2.27), (1.62, 3.17), (2.27, 3.93), (2.43, 4.92), (2.46, 5.92), (2.18, 6.28)]
[(1.06, 6.41), (1.06, 6.41), (2.04, 6.2), (2.62, 5.37), (2.92, 4.41), (3.42, 3.54), (4.26, 2.99), (5.26, 3.0), (6.26, 3.0100000000000002), (7.26, 3.02), (8.26, 3.04), (9.26, 3.0500000000000003), (10.26, 3.06), (11.26, 3.0700000000000003), (12.26, 3.08), (13.05, 2.62)]
[(8.9, 3.43), (8.9, 3.43), (7.9, 3.33), (6.9, 3.24), (5.9, 3.15), (4.9, 3.06), (3.9, 3.0), (2.93, 3.2800000000000002), (1.93, 3.17), (1.25, 2.43), (1.1400000000000001, 1.74)]
[(3.0300000000000002, 3.8200000000000003), (3.0300000000000002, 3.8200000000000003), (3.72, 3.09), (4.72, 3.0700000000000003), (5.72, 3.16), (6.72, 3.24), (7.72, 3.3200000000000003), (8.72, 3.41), (9.39, 4.17), (9.88, 5.05), (10.370000000000001, 5.93), (11.05, 6.67), (12.05, 6.69), (13.05, 6.62), (13.68, 5.83), (14.18, 5.16)]
[(9.0, 5.72), (9.0, 5.72), (9.09, 4.72), (9.09, 3.71), (8.120000000000001, 3.43), (7.12, 3.56), (6.25, 4.07), (6.23, 4.09)]
[(1.53, 6.390000000000001), (1.53, 6.390000000000001), (2.44, 5.96), (2.73, 5.0), (3.12, 4.07), (3.62, 3.2), (4.51, 2.72), (5.42, 2.3000000000000003), (6.33, 1.86), (7.28, 1.54), (8.26, 1.31), (8.93, 1.16)]
[(5.11, 0.46), (5.11, 0.46), (5.98, 0.96), (6.3500000000000005, 1.8900000000000001), (6.390000000000001, 2.89), (7.33, 3.25), (8.32, 3.42), (9.22, 3.87), (9.71, 4.75), (10.21, 5.63), (10.71, 6.5), (11.700000000000001, 6.69), (12.700000000000001, 6.71), (13.6, 6.73)]
[(5.68, 2.17), (5.68, 2.17), (6.38, 2.9), (7.38, 3.02), (8.38, 3.0300000000000002), (9.38, 3.02), (10.38, 3.0100000000000002), (11.38, 3.0), (12.16, 2.99)]
[(9.64, 4.42), (9.64, 4.42), (9.07, 3.59), (8.09, 3.35), (7.09, 3.2600000000000002), (6.09, 3.17), (5.09, 3.08), (4.09, 2.99), (3.34, 3.67), (2.84, 4.54), (2.5100000000000002, 5.49), (1.8800000000000001, 6.28), (1.16, 6.6000000000000005)]
[(13.23, 6.8500000000000005), (13.23, 6.8500000000000005), (12.24, 6.7), (11.24, 6.67), (10.43, 6.07), (9.9, 5.22), (9.370000000000001, 4.37), (8.950000000000001, 3.46), (7.97, 3.2600000000000002), (6.98, 3.09), (6.36, 2.3000000000000003), (6.3500000000000005, 1.3), (6.41, 0.84)]
[(2.66, 4.04), (2.66, 4.04), (3.41, 3.36), (4.34, 2.99), (5.34, 3.0), (6.34, 3.0100000000000002), (7.34, 3.0300000000000002), (8.34, 3.04), (9.34, 3.0500000000000003), (10.34, 3.06), (11.34, 3.0700000000000003), (12.34, 3.08), (13.13, 2.45), (13.780000000000001, 1.68), (14.43, 0.91), (14.69, 0.6)]
[(8.59, 1.77), (8.59, 1.77), (7.59, 1.69), (6.59, 1.7), (6.36, 2.68), (7.3, 3.04), (8.3, 3.0700000000000003), (8.69, 3.08)]
[(0.8, 3.7), (0.8, 3.7), (1.79, 3.5100000000000002), (2.7800000000000002, 3.3200000000000003), (3.75, 3.0500000000000003), (4.75, 3.0700000000000003), (5.61, 3.59), (6.24, 4.37), (6.42, 5.36), (6.45, 5.51)]
[(10.6, 3.08), (10.6, 3.08), (9.6, 3.21), (8.6, 3.35), (7.6000000000000005, 3.49), (6.63, 3.7600000000000002), (6.37, 4.73), (6.33, 4.9)]
